Timestamp,Individual,Title,Body,Ground_Truth,Prediction
2026-03-07 05:04:20,"[145, 157, 451, 554, 656, 664, 1026, 1092, 1277, 1500, 1558, 1780, 2043, 2340, 2413, 3103, 3171, 3173, 3198, 3267]",Implement privacy mode,"There should be a configurable privacy flag preventing Visual Studio Code from making any outbound connections similar to macOS firewall stealth mode. This would be useful to prevent someone with access to github operations data or an administrator of github accounts from tracking you.
Visual Studio Code immediately on launch makes various outbound tcp connections over https to Microsoft Corporation
Some Visual Studio Code out-of-the-box behavior has been seen to contact github every 3 minutes
- VSCode Version: 1.16.0
- OS Version: Linux",feature,feature
2026-03-07 05:04:20,"[145, 157, 451, 554, 656, 664, 1026, 1092, 1277, 1500, 1558, 1780, 2043, 2340, 2413, 3103, 3171, 3173, 3198, 3267]","@farfromrefug `""terminal.integrated.allowWorkspaceConfiguration"": true` this config needs to be added to your user settings","@farfromrefug `""terminal.integrated.allowWorkspaceConfiguration"": true` this config needs to be added to your user settings
worked fine for me
_Originally posted by @esakkik in https://github.com/microsoft/vscode/issues/122104#issuecomment-842341539_
Hello, can you tell me details of how to add this? I can't do it",question,feature
2026-03-07 05:04:20,"[145, 157, 451, 554, 656, 664, 1026, 1092, 1277, 1500, 1558, 1780, 2043, 2340, 2413, 3103, 3171, 3173, 3198, 3267]",Setup different color themes across multiple windows,"There are times when I would have 2-3 VSCode windows open at the same time(for different projects etc). Currently, if I change the color theme in 1 window, it universally changes it across all opened windows. I would prefer if I could setup different color themes for each. That way, context switching becomes much easier aesthetically speaking.",question,feature
2026-03-07 05:04:20,"[145, 157, 451, 554, 656, 664, 1026, 1092, 1277, 1500, 1558, 1780, 2043, 2340, 2413, 3103, 3171, 3173, 3198, 3267]",Signature help binding?,"- VSCode Version: Version 1.3.0-insider (1.3.0-insider) – d808ba31a697998f36c9c2cbdfc5f8d8e8b16ca2
- OS Version: 10.11.5 (15F34)
Is there a way to trigger/bind a keyboard shortcut to open the signature help window?
For now when it's closed I can't find any way to reopen it, apart from cheap hacks like removing the arguments already written or adding a coma after an argument.",question,feature
2026-03-07 05:04:21,"[145, 157, 451, 554, 656, 664, 1026, 1092, 1277, 1500, 1558, 1780, 2043, 2340, 2413, 3103, 3171, 3173, 3198, 3267]",Please remember last x git commit messages where x is configurable or some arbitrary number (w/ option to paste any of these messages in the git message box),"- VSCode Version: 0.10.13-insider
- OS Version: Windows 8.1
I was doing a commit with a big commit message, after the commit, it turns out I left out a few un-staged files, so I went and undid the last commit and started to re-commit with all files staged.
The problem was that in the process, I lost the previous commit message as I was ready to commit this one and VSCode didn't remember my last message, nor did it offer an option to paste in the last commit message.
Please implement this capability.",question,feature
2026-03-07 05:04:21,"[145, 157, 451, 554, 656, 664, 1026, 1092, 1277, 1500, 1558, 1780, 2043, 2340, 2413, 3103, 3171, 3173, 3198, 3267]",I want something like webstorm's shortcut key ctrl+w (select successively increasing code blocks),"# \- VSCode Version: 1.6.0
- OS Version: win7
As the title",question,feature
2026-03-07 05:04:21,"[145, 157, 451, 554, 656, 664, 1026, 1092, 1277, 1500, 1558, 1780, 2043, 2340, 2413, 3103, 3171, 3173, 3198, 3267]",Ctrl+Alt+Down or Ctrl+Alt+Up  stopped working,"multi line text -> Ctrl+Alt+Down or Ctrl+Alt+Up .
multi-cursor stopped working, no additional cursors are added
VS Code version: Code 1.49.1 (58bb7b2331731bf72587010e943852e13e6fd3cf, 2020-09-16T23:27:51.792Z)
OS version: Windows_NT x64 10.0.18363
<details>
<summary>System Info</summary>
|Item|Value|
|CPUs|Intel(R) Core(TM) i7-8650U CPU @ 1.90GHz (8 x 2112)|
|GPU Status|2d_canvas: enabled<br>flash_3d: enabled<br>flash_stage3d: enabled<br>flash_stage3d_baseline: enabled<br>gpu_compositing: enabled<br>multiple_raster_threads: enabled_on<br>oop_rasterization: disabled_off<br>opengl: enabled_on<br>protected_video_decode: enabled<br>rasterization: enabled<br>skia_renderer: disabled_off_ok<br>video_decode: enabled<br>vulkan: disabled_off<br>webgl: enabled<br>webgl2: enabled|
|Load (avg)|undefined|
|Memory (System)|31.84GB (18.87GB free)|
|Process Argv|--crash-reporter-id a81d7504-12e9-4252-a115-dd9abd3db3b6|
|Screen Reader|no|
|VM|0%|
</details><details><summary>Extensions (13)</summary>
Extension|Author (truncated)|Version
better-comments|aar|2.1.0
asciidoctor-vscode|asc|2.8.3
bracket-pair-colorizer-2|Coe|0.2.0
githistory|don|0.6.9
xml|Dot|2.5.1
LogFileHighlighter|emi|2.9.0
auto-close-tag|for|0.5.8
plantuml|jeb|2.13.13
ecdc|mit|1.3.0
oracledevtools|Ora|19.3.2
material-icon-theme|PKi|4.3.0
vscode-xml|red|0.13.0
partial-diff|ryu|1.4.1
</details>",question,bug
2026-03-07 05:04:22,"[145, 157, 451, 554, 656, 664, 1026, 1092, 1277, 1500, 1558, 1780, 2043, 2340, 2413, 3103, 3171, 3173, 3198, 3267]",Command failed. Exit code: 1,"Hi Visual Studio Team,
I'm trying to perform yarn (tested in multiple repositories which proven to be consistent and working from other colleagues using it)
However in my machine, I'm getting the ff error:
![image](https://user-images.githubusercontent.com/92293400/136745754-daf6572c-a86f-4062-b4be-3ba7371dcdd2.png)
error C:\Users\C5200666\neo-backend\node_modules\postinstall-postinstall: Command failed.
Exit code: 1
Command: node ./run.js
Arguments:
Directory: C:\Users\C5200666\neo-backend\node_modules\postinstall-postinstall
Output:
'npm' is not recognized as an internal or external command,
operable program or batch file.
node:child_process:903
throw err;
Error: Command failed: npm run postinstall
'npm' is not recognized as an internal or external command,
operable program or batch file.
I tried reinstalling VS, yarn and git but to no avail. Also confirm the PATH workaround for nodeJs has been performed. Can you please advise? Thank you.
Kind regards,
Noel",question,bug
2026-03-07 05:04:22,"[145, 157, 451, 554, 656, 664, 1026, 1092, 1277, 1500, 1558, 1780, 2043, 2340, 2413, 3103, 3171, 3173, 3198, 3267]",Edited tab should always be left,"I often write in a file then open another bunch of files to compare, review etc... What happens then is that the edited file is way far to the right.
Ps. Wouldn't request if this didn't occur often
VS Code version: Code 1.63.2 (Universal) (899d46d82c4c95423fb7e10e68eba52050e30ba3, 2021-12-15T09:37:28.172Z)
OS version: Darwin x64 21.1.0
Restricted Mode: No",question,feature
2026-03-07 05:04:23,"[145, 157, 451, 554, 656, 664, 1026, 1092, 1277, 1500, 1558, 1780, 2043, 2340, 2413, 3103, 3171, 3173, 3198, 3267]",Snippet Requires extra tab to move to next placeholder,"This is my Snippets file:
```
{
	// Place your global snippets here. Each snippet is defined under a snippet name and has a scope, prefix, body and
	// description. Add comma separated ids of the languages where the snippet is applicable in the scope field. If scope
	// is left empty or omitted, the snippet gets applied to all languages. The prefix is what is
	// used to trigger the snippet and the body will be expanded and inserted. Possible variables are:
	// $1, $2 for tab stops, $0 for the final cursor position, and ${1:label}, ${2:another} for placeholders.
	// Placeholders with the same ids are connected.
	// Example:
	// ""Print to console"": {
	// 	""scope"": ""javascript,typescript"",
	// 	""prefix"": ""log"",
	// 	""body"": [
	// 		""console.log('$1');"",
	// 		""$2""
	// 	],
	// 	""description"": ""Log output to console""
	// }
	""CDRL"": {
		""scope"": ""html"",
		""prefix"": ""cdrl"",
		""body"": [
			""<a class=\""${1|pdf,xls,mpp,doc,zip,ppt,sam|}\"" href=\""/doc/cdrls/A0$2/$3\"">$3</a>""
		],
		""description"": ""Insert href for CDRLs""
	},

	""FLDR"":{
		""scope"": ""html"",
		""prefix"": ""fldr"",
		""body"": [
			""<div class=\""pkg\""><h3><strong>$1</strong></h3>"",
			""\t<div class=\""pkg-body\"">"",
			""\t\t<!-- CDRL PLACEHOLDER -->"",
			""\t</div>"",
			""</div>""
		],
		""description"": ""Creates a new 'folder'""
	}
}

```
1 - create a new text file and chose html as the language.
2 - type cdrl  & press [tab] -- Snippet is displayed
3 - press [tab] on 1st placeholder to select pdf.
4 - type 01 & press [tab] to move to 3rd placeholder
5 - type test1 and press [tab] then [enter] to go to new line.
6 - repeat steps 2 - 4.  Must enter a second tab to move to 3rd placeholder
If you repeat this process again but use ""02"" instead of ""01"" it will work fine, unless you have used 02 before.
This wasn't an issue in the May or June 2023 release, but started during the July 2023 release.  I verified using the insiders version with no extentions loaded.
Just to note I have folders named A001 - A047 that have new files added monthly so I use this snippet often.
VS Code version: Code - Insiders 1.81.0-insider (9800cf6dd6bf4634889d60720ef46a400f3a7298, 2023-07-28T12:08:04.472Z)
OS version: Windows_NT x64 10.0.19043
Modes:
<details>
<summary>System Info</summary>
|Item|Value|
|CPUs|Intel(R) Core(TM) i7-3770 CPU @ 3.40GHz (8 x 3392)|
|GPU Status|2d_canvas: enabled<br>canvas_oop_rasterization: disabled_off<br>direct_rendering_display_compositor: disabled_off_ok<br>gpu_compositing: enabled<br>multiple_raster_threads: enabled_on<br>opengl: enabled_on<br>rasterization: unavailable_off<br>raw_draw: disabled_off_ok<br>video_decode: enabled<br>video_encode: unavailable_off<br>vulkan: disabled_off<br>webgl: enabled<br>webgl2: unavailable_off<br>webgpu: enabled|
|Load (avg)|undefined|
|Memory (System)|31.92GB (20.75GB free)|
|Process Argv|--crash-reporter-id be61bc57-8ced-40aa-bcc2-ba594673b68d|
|Screen Reader|no|
|VM|0%|
</details>Extensions: none<details>
<summary>A/B Experiments</summary>
```
vsliv695:30137379
vsins829:30139715
vsliv368:30146709
vsreu685:30147344
python383cf:30185419
vspor879:30202332
vspor708:30202333
vspor363:30204092
vslsvsres303:30308271
pythontb:30258533
pythonptprofiler:30281269
vshan820:30294714
vscod805:30301674
bridge0708:30335490
bridge0723:30353136
vsaa593:30376534
pythonvs932:30404738
py29gd2263:30784851
vsclangdf:30492506
c4g48928:30535728
dsvsc012cf:30540253
pynewext54:30618038
2i9eh265:30646982
showlangstatbar:30737417
24365598:30687740
pythonfmttext:30716741
pythoncmvfstr:30726892
fixshowwlkth:30771523
hideindicator:30766887
pythongtdpath:30726887
i26e3531:30792625
gsofa:30797620
pythonnosmt12:30779711
pythonidxpt:30768918
pythonnoceb:30776497
copilotsettingc:30767685
e537b577:30772214
h0f32768:30792099
asynctokenver:30799129
dsvsc013:30777762
dsvsc014:30777825
diffeditorv2:30786206

```
</details>",question,feature
2026-03-07 05:04:23,"[145, 157, 451, 554, 656, 664, 1026, 1092, 1277, 1500, 1558, 1780, 2043, 2340, 2413, 3103, 3171, 3173, 3198, 3267]",The states of the two sides are out of sync,"as the figure shows
when we open two editor,
I select right editor a variable, `aaaaa`
but left editor  does not highlight it ,
![image](https://user-images.githubusercontent.com/21235555/120641974-e2959080-c4a6-11eb-955e-62ea816f9438.png)",question,bug
2026-03-07 05:04:24,"[145, 157, 451, 554, 656, 664, 1026, 1092, 1277, 1500, 1558, 1780, 2043, 2340, 2413, 3103, 3171, 3173, 3198, 3267]",vscode delete ftp file when dragging ftp file onto it and vscode would not open that file.,"- VSCode Version: 1.13.1
- OS Version: Windows 10 (1703)
VS Code will automatically delete ftp file when I drag a ftp file onto VS Code.
Some other text editor like notepad++ does not allow you to drag a ftp file onto it. However, vscode does, it would not open that file but delete it.How shocking, it would ruin my day!
1. Open a ftp with username and password in windows explorer.
2. Drag a html file on ftp onto vscode.
3. The ftp file will disappear. And vscode would not open that file.",bug,bug
2026-03-07 05:04:24,"[145, 157, 451, 554, 656, 664, 1026, 1092, 1277, 1500, 1558, 1780, 2043, 2340, 2413, 3103, 3171, 3173, 3198, 3267]",Enable code folding and collapsing,I searched but couldnt find this in the issues. Id love to be able to collapse sections of the code. Any thoughts?,feature,feature
2026-03-07 05:04:24,"[145, 157, 451, 554, 656, 664, 1026, 1092, 1277, 1500, 1558, 1780, 2043, 2340, 2413, 3103, 3171, 3173, 3198, 3267]",MaxListenersExceededWarning,"Issue Type: <b>Performance Issue</b>
I am using VCS (Visual Studio Code) version 1.47.2, code.js 12.8.1 (the recent one), and my code is going well, but suddenly I get this message after ctrl-c and typing ""node .""
(node:11280) MaxListenersExceededWarning: Possible EventEmitter memory leak detected. 11 message listeners added to [Client]. Use emitter.setMaxListeners() to increase limit
I don't know what it is, and I'm worried whether it is a virus or something. What can I do to fix this? I saw people posting a programming code you can use, but my version is the recent one and I couldn't find a recent post about this. Any help is appreciated.
VS Code version: Code 1.47.2 (17299e413d5590b14ab0340ea477cdd86ff13daf, 2020-07-15T18:22:06.216Z)
OS version: Windows_NT x64 10.0.18362",question,bug
2026-03-07 05:04:27,"[145, 157, 451, 554, 656, 664, 1026, 1092, 1277, 1500, 1558, 1780, 2043, 2340, 2413, 3103, 3171, 3173, 3198, 3267]",Limit max number of terminal input,"- VS Code Version: 1.61.2
- OS Version: Windows Version 2004 (Os Build 19041.1288)
1. Code:
```
import java.util.Scanner;
public class Demo{
    public static void main(String[] args) {
        Scanner sc=new Scanner(System.in);
        int N = sc.nextInt();
        int[] arr = new int[N];     
  
        for(int i=0; i<N; i++){
          arr[i] = sc.nextInt();
        }
      
        for(int elem: arr){
          System.out.println(elem+"" ""); 
    }
   
}
}
```
2. test_input: https://drive.google.com/file/d/1ayXET85FsCjQUJa6TDSVd7MA0OangykB/view
3. run java code, copy all the numbers shown in the above file but only part of them can be pasted to terminal
So i want to know what's the maximum input number in terminal. Is there any settings or option to edit its limitation?
Original Post: https://stackoverflow.com/questions/69826575/max-limit-on-number-of-input-in-vs-code-java",question,bug
2026-03-07 05:04:27,"[145, 157, 451, 554, 656, 664, 1026, 1092, 1277, 1500, 1558, 1780, 2043, 2340, 2413, 3103, 3171, 3173, 3198, 3267]","Kubuntu, unable to increase max inotify watchers","Version: 1.33.0-insider
Commit: 73ccd28be6b94b8965b65e6f187689dca7c30805
Date: 2019-03-18T06:13:57.622Z
Electron: 3.1.6
Chrome: 66.0.3359.181
Node.js: 10.2.0
V8: 6.6.346.32
OS: Kubuntu 18.04
KDE Plasma Version: 5.12.7
KDE Frameworks Version: 5.44.0
Qt Version: 5.9.5
Kernel Version: Linux x64 4.15.0-46-generic
OS Type: 64-bit
1. Open an instance of VS Code Insiders
2. VSC Insiders Alerts to unable to watch files.
3. Implement the fix listed here; [Visual Studio Code is unable to watch for file changes in this large workspace](https://code.visualstudio.com/docs/setup/linux#_visual-studio-code-is-unable-to-watch-for-file-changes-in-this-large-workspace-error-enospc)
4. Do `sudo sysctl -p` as instructed from above, and get `sysctl: cannot stat /proc/sys/fs/notify/max_user_watches: No such file or directory`
I know this is more of an OS issue than a VSC issue.",question,bug
2026-03-07 05:04:27,"[145, 157, 451, 554, 656, 664, 1026, 1092, 1277, 1500, 1558, 1780, 2043, 2340, 2413, 3103, 3171, 3173, 3198, 3267]",Command Names,"This isn't a big deal - I'm curious why some commands are named `workbench.action.files.*` and others are `workbench.files.action.*`
![image](https://cloud.githubusercontent.com/assets/2449568/13458499/d2230188-e06d-11e5-9350-8bd7f3a223e7.png)",question,feature
2026-03-07 05:04:27,"[145, 157, 451, 554, 656, 664, 1026, 1092, 1277, 1500, 1558, 1780, 2043, 2340, 2413, 3103, 3171, 3173, 3198, 3267]",adding image,i am adding actual path of the image to html but it is not accepting it . so I have to change the path accordiing to the files opened in vs code. later if  I run the code from file explorer I have to change the code of the image source again. so pls tell me a way to solve this.,question,feature
2026-03-07 05:04:27,"[145, 157, 451, 554, 656, 664, 1026, 1092, 1277, 1500, 1558, 1780, 2043, 2340, 2413, 3103, 3171, 3173, 3198, 3267]",Cursor should be on the selected section in main editor when double clicking in the preview,"Testing #19085
![jan-24-2017 14-10-39](https://cloud.githubusercontent.com/assets/10746682/22248450/ef0f1b6e-e23e-11e6-808a-e2944eee7d1b.gif)",feature,bug
2026-03-07 05:04:28,"[145, 157, 451, 554, 656, 664, 1026, 1092, 1277, 1500, 1558, 1780, 2043, 2340, 2413, 3103, 3171, 3173, 3198, 3267]",multi line selection,"We have written the needed data into your clipboard because it was too large to send. Please paste.
![ss](https://user-images.githubusercontent.com/32223096/106616708-e6f48000-657e-11eb-97f0-137792f6befc.PNG)
When i try to select everything and copy them, it puts selectors to every line. how can i get rid of it?
VS Code version: Code 1.52.1 (ea3859d4ba2f3e577a159bc91e3074c5d85c0523, 2020-12-16T16:34:46.910Z)
OS version: Windows_NT x64 10.0.18363
<details>
<summary>System Info</summary>
|Item|Value|
|CPUs|Intel(R) Core(TM) i5-7200U CPU @ 2.50GHz (4 x 2712)|
|GPU Status|2d_canvas: enabled<br>flash_3d: enabled<br>flash_stage3d: enabled<br>flash_stage3d_baseline: enabled<br>gpu_compositing: enabled<br>multiple_raster_threads: enabled_on<br>oop_rasterization: disabled_off<br>opengl: enabled_on<br>protected_video_decode: enabled<br>rasterization: enabled<br>skia_renderer: disabled_off_ok<br>video_decode: enabled<br>vulkan: disabled_off<br>webgl: enabled<br>webgl2: enabled|
|Load (avg)|undefined|
|Memory (System)|7.81GB (2.26GB free)|
|Process Argv|--crash-reporter-id 163587a7-2bd5-483d-a8bb-828a592ed7f9|
|Screen Reader|no|
|VM|0%|
</details><details><summary>Extensions (7)</summary>
Extension|Author (truncated)|Version
vscode-tailwindcss|bra|0.5.8
es7-react-js-snippets|dsz|3.1.0
prettier-vscode|esb|5.8.0
debugger-for-chrome|msj|4.12.12
live-preview|pro|0.0.3
LiveServer|rit|5.6.1
open-in-browser|tec|2.0.0
</details><details>
<summary>A/B Experiments</summary>
```
vsliv368cf:30146710
vsreu685:30147344
openlogontheside:30221877
python383:30185418
vspor879:30202332
vspor708:30202333
vspor363:30204092
vswsl492:30211401
wsl2prompt:30224612
vstry914:30250197
pythonvsdeb440:30248342
unusedprompt:30224610
folderexplorercf:30224615
openfilemenucf:30224648
pythonvsded773:30248341
vstes516:30244333
pythonvspyt875:30251590

```
</details>",question,feature
2026-03-07 05:04:28,"[145, 157, 451, 554, 656, 664, 1026, 1092, 1277, 1500, 1558, 1780, 2043, 2340, 2413, 3103, 3171, 3173, 3198, 3267]",How to perform telemetry for extensions,"I want to get a report of currently users online or used my extension recently, filtering them by locations and other many things.
is there any way to do that ?",feature,bug
2026-03-07 05:04:29,"[145, 157, 451, 554, 656, 664, 1026, 1092, 1277, 1500, 1558, 1780, 2043, 2340, 2413, 3103, 3171, 3173, 3198, 3267]",CI spamming me with emails?,"- VSCode Version: latest
- OS Version: N/A/
1. Fork repo on github
2. Make a branch
Does this issue occur when all extensions are disabled?: N/A
I cloned the vscode repo and made a new branch. I then got over 1100 emails from the CI! They keep coming every day. I haven't touched the repo
![chrome_vqGRe1mbsZ](https://user-images.githubusercontent.com/234804/84561796-60d6bf80-ad8a-11ea-8ae8-4c761b9e0f32.png)
Did I do something wrong? Is the CI mis-configured?",question,bug
2026-03-07 05:04:29,"[145, 157, 451, 554, 656, 664, 1026, 1092, 1277, 1500, 1558, 1780, 2043, 2340, 2413, 3103, 3171, 3173, 3198, 3267]",Open recent file option,"I would like to see an ""Open recent file"" (within folder/project).
I got used to use the Git tab for this, but just until commit, after commit, I'm sold.
After commit and close all opened files, if I need to make a quick fix, I got remember the files I was messing with. If we had an ""Open recent file"" or ""Recent Activity"" that would be very handy.",feature,feature
2026-03-07 05:04:29,"[145, 157, 451, 554, 656, 664, 1026, 1092, 1277, 1500, 1558, 1780, 2043, 2340, 2413, 3103, 3171, 3173, 3198, 3267]",Retain cursor position when clicking to bring editor to foreground,"When VSCode is in the background and I click on an editor to bring it to the foreground, I'd like the cursor to stay where it was before.  Typically, I'm typing something and need to switch back to another app to look something up.  Then I click whatever visible part of VS Code there is to bring it back to the foreground.  However, the cursor moves and I lose where I was at.
This is somewhat like #130147 except that one expects the cursor to move.",feature,feature
2026-03-07 05:04:30,"[145, 157, 451, 554, 656, 664, 1026, 1092, 1277, 1500, 1558, 1780, 2043, 2340, 2413, 3103, 3171, 3173, 3198, 3267]",Can/Does VSCode handle system shutdown correctly?,"I'm not sure if this is a feature request, or a bug, or if its even doable, or if my underlying assumptions are correct. Apologies.
Today I had accidentally clicked on ""restart"" on my PC's start menu (I had meant to restart a machine I had RDP'd into).
Luckily I had notepad opened with some unsaved changes and it blocked the restart enough for me to cancel the restart process.
However VSCode was open the entire time and when I came back it was in a broken state: clicking on a reference in my C# code resulted in a message `actual command NOT FOUND`; there was a notification that the TypeScript service had shutdown after restarting 5 times and would not be restarted, etc.
My theory is that Windows tried to shutdown these helper processes individually but had not yet sent the VSCode main process the system shutdown message, and continuously sending shutdown to those helper processes that VSCode tries to start up in response to them being shutdown (or blocking their startup altogether).
I don't think Windows sends a ""system is shutting down"" message to processes in a deterministic order, so would it be difficult to find out what message triggered the shutdown? I guess that would only be possible if your helpers are all hosted under some VSCode process. If it is possible the feature request would be for the helper processes to be required to forward the ""windows is shutting down message"" to the VSCode main process, so that it can then not only stop trying to respawn processes but can also start shutting itself down properly.
What do you people think?",question,bug
2026-03-07 05:04:30,"[145, 157, 451, 554, 656, 664, 1026, 1092, 1277, 1500, 1558, 1780, 2043, 2340, 2413, 3103, 3171, 3173, 3198, 3267]",New command: Recent File in workspace,"I would like to have a new command that is similar to ""File: Open Recent..."", with two differences:
1. It should not list *any* recently openned file, but only files that have been openend in the *current workspace*.
2. When executing the command for a file, the file should open in the current window instead of a new window.",question,feature
2026-03-07 05:04:31,"[145, 157, 451, 554, 656, 664, 1026, 1092, 1277, 1500, 1558, 1780, 2043, 2340, 2413, 3103, 3171, 3173, 3198, 3267]",Terminal should propagate not handled shortcut key combo,"vscode: 1.9.0
When terminal is in focus, other shortcut keys such as `[Alt+p]` which invokes `project-manager` is not working.
It should propagate those so the extension can be triggered.",question,feature
2026-03-07 05:04:31,"[145, 157, 451, 554, 656, 664, 1026, 1092, 1277, 1500, 1558, 1780, 2043, 2340, 2413, 3103, 3171, 3173, 3198, 3267]",Keybinding picker should not dismiss on enter,"I suggest to use another trigger character like Ctrl+Enter, otherwise I cannot pick the ""Enter"" key.",question,feature
2026-03-07 05:04:31,"[145, 157, 451, 554, 656, 664, 1026, 1092, 1277, 1500, 1558, 1780, 2043, 2340, 2413, 3103, 3171, 3173, 3198, 3267]",#include <iostream> error in C++,"Hello Microsoft!
I'm new to C/C++ Coding... But I previously used VS Code for web designing and I was highly satisfied with it... So, I decided to continue working with it.
As soon as I wrote first line of code of C++, it showed an error...
Code:
#include <iostream>
int main ()
std::cout << ""Hello World!"";
Errors:
1. #include errors detected. Please update your includePath. Squiggles are disabled for this translation unit (C:\Users\tejas\OneDrive\Desktop\hello.cpp).
2. cannot open source file ""iostream.h""
Is there any solution for this one?
VS Code version: Code 1.51.1 (e5a624b788d92b8d34d1392e4c4d9789406efe8f, 2020-11-10T23:34:32.027Z)
OS version: Windows_NT x64 10.0.18363
<details>
<summary>System Info</summary>
|Item|Value|
|CPUs|Intel(R) Core(TM) i5-10210U CPU @ 1.60GHz (8 x 2112)|
|GPU Status|2d_canvas: enabled<br>flash_3d: enabled<br>flash_stage3d: enabled<br>flash_stage3d_baseline: enabled<br>gpu_compositing: enabled<br>multiple_raster_threads: enabled_on<br>oop_rasterization: disabled_off<br>opengl: enabled_on<br>protected_video_decode: enabled<br>rasterization: enabled<br>skia_renderer: disabled_off_ok<br>video_decode: enabled<br>vulkan: disabled_off<br>webgl: enabled<br>webgl2: enabled|
|Load (avg)|undefined|
|Memory (System)|7.83GB (3.60GB free)|
|Process Argv|--crash-reporter-id 9908cfef-974d-491a-a0b1-9a63b80a91e3|
|Screen Reader|no|
|VM|0%|
</details><details><summary>Extensions (3)</summary>
Extension|Author (truncated)|Version
CPP-Contest-QStart|Ady|1.0.1
cpptools|ms-|1.1.2
cpp-quick-start-snippet-for-beginners|yyx|1.0.1
</details>",question,bug
2026-03-07 05:04:32,"[145, 157, 451, 554, 656, 664, 1026, 1092, 1277, 1500, 1558, 1780, 2043, 2340, 2413, 3103, 3171, 3173, 3198, 3267]",terminal random data,"On terminal and debug console, text with some ambiguous pixellated characters shows up like this:
![image](https://user-images.githubusercontent.com/2193314/64802918-940cc980-d540-11e9-853f-c893ea2f076c.png)",question,bug
2026-03-07 05:04:32,"[145, 157, 451, 554, 656, 664, 1026, 1092, 1277, 1500, 1558, 1780, 2043, 2340, 2413, 3103, 3171, 3173, 3198, 3267]",Error-No such file or directory / no input files,"Hi all,
Can someone help me with this error below?
PS C:\Users\Emixo\C++ VS Code> g++ Ch3Pg176.cpp -o Ch3Pg176
g++.exe: error: Ch3Pg176.cpp: No such file or directory
g++.exe: fatal error: no input files
compilation terminated.",question,bug
2026-03-07 05:04:32,"[145, 157, 451, 554, 656, 664, 1026, 1092, 1277, 1500, 1558, 1780, 2043, 2340, 2413, 3103, 3171, 3173, 3198, 3267]",Test effect of opening Getting Started in first session on user retention,"We will test if opening the Getting Started webpage impacts user retention by running it as an experiment midnight 01/09/2017 - 01/16/2017 UTC.
Part of the outcome of #15383.",feature,feature
2026-03-07 05:04:33,"[145, 157, 451, 554, 656, 664, 1026, 1092, 1277, 1500, 1558, 1780, 2043, 2340, 2413, 3103, 3171, 3173, 3198, 3267]",Auto close external console,"I have run my c program in external terminal but my console window closes automatically when programme is executed. Even auto close terminal option in setting is unchecked in my vs code. So how can I prevent my external console form auto close..?
VS Code version: Code 1.49.2 (e5e9e69aed6e1984f7499b7af85b3d05f9a6883a, 2020-09-24T16:29:41.983Z)
OS version: Windows_NT x64 10.0.19041
<details>
<summary>System Info</summary>
|Item|Value|
|CPUs|Intel(R) Core(TM) i5-8265U CPU @ 1.60GHz (8 x 1800)|
|GPU Status|2d_canvas: enabled<br>flash_3d: enabled<br>flash_stage3d: enabled<br>flash_stage3d_baseline: enabled<br>gpu_compositing: enabled<br>multiple_raster_threads: enabled_on<br>oop_rasterization: disabled_off<br>opengl: enabled_on<br>protected_video_decode: enabled<br>rasterization: enabled<br>skia_renderer: disabled_off_ok<br>video_decode: enabled<br>vulkan: disabled_off<br>webgl: enabled<br>webgl2: enabled|
|Load (avg)|undefined|
|Memory (System)|7.85GB (3.76GB free)|
|Process Argv|--crash-reporter-id 3262aade-1515-43cd-9aee-93ea83d7cb16|
|Screen Reader|no|
|VM|0%|
</details><details><summary>Extensions (9)</summary>
Extension|Author (truncated)|Version
python|ms-|2020.9.112786
cpptools|ms-|1.0.1
java|red|0.68.0
vscodeintellicode|Vis|1.2.10
vscode-java-debug|vsc|0.28.0
vscode-java-dependency|vsc|0.13.0
vscode-java-pack|vsc|0.10.0
vscode-java-test|vsc|0.24.2
vscode-maven|vsc|0.24.2
</details>",question,bug
2026-03-07 05:04:33,"[145, 157, 451, 554, 656, 664, 1026, 1092, 1277, 1500, 1558, 1780, 2043, 2340, 2413, 3103, 3171, 3173, 3198, 3267]",Improved visibility of high CPU extensions / language servers,"Lately while I'm using VSCode it's basically always 100% CPU. Pretty annoying. I have a few projects open but nothing extreme (I'm not editing the Typescript compiler for example). If I check in `top` the culprit is almost always `Code Helper (Renderer)`. Not very useful.
Using `htop` or similar you can see the full command, e.g. the one that is currently at 100% CPU for me is Pylance:
```
/Applications/Visual Studio Code.app/Contents/Frameworks/Code Helper (Renderer).app/Contents/MacOS/Code Helper (Renderer) /Users/timh/.vscode/extensions/ms-python.vscode-pylance-2021.3.1/dist/server.bundle.js --cancellationReceive=file:480af1fc50513db33a8cfd8bd43722210c2d8e8010 --node-ipc --clientProcessId=11234
```
However I have observer 100% CPU with basically all languages I use: Rust-analyzer, Pylance, cpptools and ESlint/Typescript. I'm guessing they're just buggy.
It's probably infeasible to fix all of those extensions, but it would be nice if VSCode at least worked around their bugginess. Currently the only effort it goes to here is the Process Explorer, but it usually doesn't even show these processes!
![image](https://user-images.githubusercontent.com/376842/111989381-9672bb00-8b09-11eb-8496-302bc3ccb351.png)
No mention of pylance there! In fact it's not even showing the right window - I have several open but it's showing some random window that isn't even focused. It should surely show all windows?
I suggest the following:
1. Fix the Process Explorer so it actually shows all windows & processes
2. Add a dedicated CPU usage view for language servers/extensions.
3. If a language server/extension is detected as using 100% CPU for more than a certain amount of time, show a notification with an offer to restart it.
4. If possible, add an option to throttle language servers/extensions (e.g. using `nice`).",feature,feature
2026-03-07 05:04:33,"[145, 157, 451, 554, 656, 664, 1026, 1092, 1277, 1500, 1558, 1780, 2043, 2340, 2413, 3103, 3171, 3173, 3198, 3267]",PYTHONPATH not clearly defined,"I cannot find a clear answer on how to define multiple paths for the PYTHONPATH variable. I have tried all possible combinations of different solutions posted on various sites, but none of them work. Why can't this be clearly documented somewhere?
I tried the following (all with double backslashes, but they scrubbed out):
""env"": {""PYTHONPATH"": ""D:\\Users\\path\\a\\""; ""D:\\Users\path\\b\\""},
""env"": {""PYTHONPATH"": ""D:\\Users\\path\\a\\"": ""D:\\Users\path\\b\\""},
""env"": {""PYTHONPATH"": ""D:\\Users\\path\\a\\"", ""D:\\Users\path\\b\\""},
""env"": {""PYTHONPATH"": ""D:\\Users\\path\\a\\; D:\\Users\path\\b\\""},
""env"": {""PYTHONPATH"": ""D:\\Users\\path\\a\\: D:\\Users\path\\b\\""},
""env"": {""PYTHONPATH"": ""D:\\Users\\path\\a\\, D:\\Users\path\\b\\""},
VS Code version: Code 1.27.2 (f46c4c469d6e6d8c46f268d1553c5dc4b475840f, 2018-09-12T16:17:45.060Z)
OS version: Windows_NT x64 6.1.7601",question,feature
2026-03-07 05:04:34,"[145, 157, 451, 554, 656, 664, 1026, 1092, 1277, 1500, 1558, 1780, 2043, 2340, 2413, 3103, 3171, 3173, 3198, 3267]",Hot Exit doesn't work when closing a workspace with unsaved files,"Hot exit prevents me from closing a workspace with unsaved files in it. I want to switch projects for an hour, and I don't want to be forced to dispose of every unsaved file buffer in my current workspace to do so.
Hot Exit _does_ allow me to quit VS Code completely without disposing of unsaved buffers, but if I want to close a workspace without quitting the app, it forces me to dispose of unsaved buffers.
VS Code version: Code 1.30.0 (c6e592b2b5770e40a98cb9c2715a8ef89aec3d74, 2018-12-11T22:22:15.793Z)
OS version: Darwin x64 17.7.0
<details>
<summary>System Info</summary>
|Item|Value|
|CPUs|Intel(R) Core(TM) i7-5650U CPU @ 2.20GHz (4 x 2200)|
|GPU Status|2d_canvas: enabled<br>checker_imaging: disabled_off<br>flash_3d: enabled<br>flash_stage3d: enabled<br>flash_stage3d_baseline: enabled<br>gpu_compositing: enabled<br>multiple_raster_threads: enabled_on<br>native_gpu_memory_buffers: enabled<br>rasterization: enabled<br>video_decode: enabled<br>video_encode: enabled<br>webgl: enabled<br>webgl2: enabled|
|Load (avg)|10, 5, 3|
|Memory (System)|8.00GB (0.22GB free)|
|Process Argv||
|Screen Reader|no|
|VM|0%|
</details><details><summary>Extensions (13)</summary>
Extension|Author (truncated)|Version
vscode-eslint|dba|1.7.2
json-tools|eri|1.0.2
vscode-power-mode|hoo|2.2.0
plantuml|jeb|2.10.1
vs-docblock|jer|0.4.2
chat|kar|0.9.0
sublime-keybindings|ms-|4.0.0
vsliveshare|ms-|0.3.1071
vsliveshare-audio|ms-|0.1.48
vsliveshare-pack|ms-|0.2.4
debugger-for-chrome|msj|4.11.1
vscode-docker|Pet|0.4.0
sort-lines|Tyr|1.7.0
</details>",question,bug
2026-03-07 05:04:34,"[145, 157, 451, 554, 656, 664, 1026, 1092, 1277, 1500, 1558, 1780, 2043, 2340, 2413, 3103, 3171, 3173, 3198, 3267]",More indentation,"The workspace pane looks a bit jumbled, perhaps the folder tree could have some more indentation
VS Code version: Code 1.60.2 (7f6ab5485bbc008386c4386d08766667e155244e, 2021-09-22T12:00:31.514Z)
OS version: Windows_NT x64 10.0.19043
Restricted Mode: No",question,feature
2026-03-07 05:04:34,"[145, 157, 451, 554, 656, 664, 1026, 1092, 1277, 1500, 1558, 1780, 2043, 2340, 2413, 3103, 3171, 3173, 3198, 3267]","A More Intuitive ""Stage/Unstage Selected Range"" UI Suggestion for Diff Editor","VS Code 1.44.2 Source Control supports to stage a portion of changes in a file from popup menu as shown in this screenshot.
![image](https://user-images.githubusercontent.com/49478723/80925260-d5e4cb80-8dc0-11ea-9c36-e89a01a82ff2.png)
However, I think it is more intuitive to do this action by clicking the ""+"" sign in the VS code diff editor as indicated in the screenshot above. Similarly, the diff editor may provide a ""-"" sign to unstage a portion of changes.
Please support this Source Control UI improvement. Thanks.",feature,feature
2026-03-07 05:04:35,"[145, 157, 451, 554, 656, 664, 1026, 1092, 1277, 1500, 1558, 1780, 2043, 2340, 2413, 3103, 3171, 3173, 3198, 3267]",Where to find sharing option in vscode?,"Just look at my question on stackoverflow
https://stackoverflow.com/questions/47388279/where-to-find-sharing-option-in-vscode",question,bug
2026-03-07 05:04:35,"[145, 157, 451, 554, 656, 664, 1026, 1092, 1277, 1500, 1558, 1780, 2043, 2340, 2413, 3103, 3171, 3173, 3198, 3267]",“打开最近的文件”功能,"我每次打开很多文件，然后关闭软件，下次再次打开软件的时候，菜单里的“打开最近的文件”功能，里面居然看不到记录，不能记忆我最近打开的一些文件，不知道是不是我的设置问题，还是这个功能有问题，请大神帮忙下，谢谢!
VS Code version: Code 1.23.1 (d0182c3417d225529c6d5ad24b7572815d0de9ac, 2018-05-10T17:11:17.614Z)
OS version: Windows_NT x64 6.1.7601",question,bug
2026-03-07 05:04:36,"[145, 157, 451, 554, 656, 664, 1026, 1092, 1277, 1500, 1558, 1780, 2043, 2340, 2413, 3103, 3171, 3173, 3198, 3267]",can I cutom an animation status bar in my extension?,"🚨 The issue tracker is not for questions 🚨
make it clockwise rotate
![image](https://user-images.githubusercontent.com/27906971/49926955-cd53d280-fef7-11e8-8ba2-1c68e334b4cc.png)",question,feature
2026-03-07 05:04:36,"[145, 157, 451, 554, 656, 664, 1026, 1092, 1277, 1500, 1558, 1780, 2043, 2340, 2413, 3103, 3171, 3173, 3198, 3267]",Linting recommendations showing TS recommendations in addition to ones from eslint.,"Should VS Code be showing both ts linting recommendations in addition to eslint ones? How do I tell VS Code to use eslint in place of tslint?
VS Code version: Code 1.56.2 (054a9295330880ed74ceaedda236253b4f39a335, 2021-05-12T17:13:13.157Z)
OS version: Windows_NT x64 10.0.19042
<details>
<summary>System Info</summary>
|Item|Value|
|CPUs|Intel(R) Core(TM) i9-10900K CPU @ 3.70GHz (20 x 3696)|
|GPU Status|2d_canvas: enabled<br>gpu_compositing: enabled<br>multiple_raster_threads: enabled_on<br>oop_rasterization: enabled<br>opengl: enabled_on<br>rasterization: enabled<br>skia_renderer: enabled_on<br>video_decode: enabled<br>vulkan: disabled_off<br>webgl: enabled<br>webgl2: enabled|
|Load (avg)|undefined|
|Memory (System)|31.89GB (20.26GB free)|
|Process Argv|--crash-reporter-id 39706a1d-47ad-4451-8289-40dab0b1bf44|
|Screen Reader|no|
|VM|0%|
</details><details><summary>Extensions (52)</summary>
Extension|Author (truncated)|Version
html-snippets|abu|0.2.1
armview|ben|0.4.5
htmltagwrap|bra|0.0.7
path-intellisense|chr|2.3.0
vscode-eslint|dba|2.1.20
docs-markdown|doc|0.2.92
githistory|don|0.6.16
es7-react-js-snippets|dsz|3.1.1
gitlens|eam|11.4.1
vscode-npm-script|eg2|0.3.21
prettier-vscode|esb|6.4.0
vscode-language-babel|mgm|0.0.31
git-graph|mhu|1.30.0
azure-pipelines|ms-|1.183.0
vscode-azureappservice|ms-|0.21.2
vscode-azureresourcegroups|ms-|0.4.0
vscode-azurestorage|ms-|0.12.0
vscode-azurevirtualmachines|ms-|0.4.0
vscode-cosmosdb|ms-|0.16.0
vscode-docker|ms-|1.12.1
csharp|ms-|1.23.11
vscode-dotnet-runtime|ms-|1.1.0
vscode-edge-devtools|ms-|1.1.9
python|ms-|2021.5.842923320
jupyter|ms-|2021.6.832593372
remote-containers|ms-|0.177.2
remote-ssh|ms-|0.65.4
remote-ssh-edit|ms-|0.65.6
remote-ssh-explorer|ms-|0.55.0
remote-wsl|ms-|0.56.2
vscode-remote-extensionpack|ms-|0.21.0
azure-account|ms-|0.9.8
azurecli|ms-|0.5.0
cpptools|ms-|1.3.1
powershell|ms-|2021.2.2
typescript-javascript-grammar|ms-|0.0.55
vs-keybindings|ms-|0.2.1
vscode-node-azure-pack|ms-|0.2.1
vsliveshare|ms-|1.0.4272
vsliveshare-audio|ms-|0.1.91
vsliveshare-pack|ms-|0.4.0
azurerm-vscode-tools|msa|0.15.1
debugger-for-chrome|msj|4.12.12
debugger-for-edge|msj|1.0.15
material-icon-theme|PKi|4.7.0
live-sass|rit|3.0.0
LiveServer|rit|5.6.1
tabnine-vscode|Tab|3.4.4
ms-teams-vscode-extension|Tea|1.2.3
windows-terminal|Tyr|0.6.0
vscodeintellicode|Vis|1.2.14
vscode-icons|vsc|11.4.0
(1 theme extensions excluded)
</details><details>
<summary>A/B Experiments</summary>
```
vsliv368:30146709
vsreu685:30147344
python383:30185418
pythonvspyt700cf:30270857
pythonvspyt602:30300191
vspor879:30202332
vspor708:30202333
vspor363:30204092
vswsl492cf:30256860
pythonvspyt639:30300192
pythontb:30283811
pythonvspyt943:30300582
vspre833cf:30267465
pythonptprofiler:30281270
vshan820:30294714
pythondataviewer:30285071
vscus158:30286553
vscgsv2ct:30301613
vscorehov:30302759
bridgeflight:30302069
vscod805:30301674

```
</details>
![Screenshot 2021-05-24 145933](https://user-images.githubusercontent.com/129484/119358628-b5740180-bca0-11eb-9f82-930dacf4c1c6.png)",question,feature
2026-03-07 05:04:36,"[145, 157, 451, 554, 656, 664, 1026, 1092, 1277, 1500, 1558, 1780, 2043, 2340, 2413, 3103, 3171, 3173, 3198, 3267]",Git operations don't show in reflog history,"- VSCode Version: 1.9.1
- OS Version: Ubuntu 16.04.1 LTS (Xenial Xerus)
1. Make file changes & save
2. Goto Git tab (CTRL + SHIFT + G)
3. Click ""clean"" button to reset all changes
4. Open terminal and run `git reflog`
Expected:
It should show the VSCode git operations (for example `git reset --HARD`). So you can rollback.",question,bug
2026-03-07 05:04:37,"[145, 157, 451, 554, 656, 664, 1026, 1092, 1277, 1500, 1558, 1780, 2043, 2340, 2413, 3103, 3171, 3173, 3198, 3267]",[VSCI] Custom keymaps don't work,"- VSCode Version: Insiders (Recent)
- OS Version: Mac OS (Recent)
1. Download e.g. Atom Keymap and enable it
2. Try pressing CMD+W (normally should close currently active Tab)
Does this issue occur when all extensions are disabled?: Yes",bug,feature
2026-03-07 05:04:37,"[145, 157, 451, 554, 656, 664, 1026, 1092, 1277, 1500, 1558, 1780, 2043, 2340, 2413, 3103, 3171, 3173, 3198, 3267]",Golden-ratio split view,"Not sure if this is supposed to be done in the core or as a new plugin, but I'd like to have a way to auto-resize the current split-view according to the golden ratio, like done by the golden-ratio vim plugin: https://github.com/roman/golden-ratio
It should also have a keyboard shortcut that would easily toggle it on/off in case we want to have the normal evenly split view.",feature,feature
2026-03-07 05:04:38,"[145, 157, 451, 554, 656, 664, 1026, 1092, 1277, 1500, 1558, 1780, 2043, 2340, 2413, 3103, 3171, 3173, 3198, 3267]",Debugging client-server for extension launches 2 server processes after vscode update,"I installed the latest VS code update on my machine and I am not able to debug the extension I was working on.
I have a client/server set up for my extension, when I start the debugger (with client and server) it launches 2 server processes but no client process and throws an error eventually in `bootstrap.js`.
![image](https://user-images.githubusercontent.com/14796031/29683217-68a4e920-88c2-11e7-8a2d-3d58d5581f59.png)
This setup worked with earlier versions of vscode.
I am able to replicate this issue using one of the samples provided [here](https://github.com/Microsoft/vscode-extension-samples/tree/master/languageprovider-sample)
- VSCode Version:
Reproduces without extensions: Yes/No",bug,bug
2026-03-07 05:04:38,"[145, 157, 451, 554, 656, 664, 1026, 1092, 1277, 1500, 1558, 1780, 2043, 2340, 2413, 3103, 3171, 3173, 3198, 3267]",Switch between Terminals by keyboard shortcut,"I always use 3 terminals and switch between them most of the time, how can I switch by keyboard shortcut?
In macOS terminal we can do it by `[shift]+[command]+[left arrow]/[right arrow]`
![Screen Shot 2021-01-02 at 11 49 45 AM](https://user-images.githubusercontent.com/1549069/103453606-e69f6580-4cf0-11eb-8ef5-9adcda1d71a0.png)",question,feature
2026-03-07 05:04:39,"[145, 157, 451, 554, 656, 664, 1026, 1092, 1277, 1500, 1558, 1780, 2043, 2340, 2413, 3103, 3171, 3173, 3198, 3267]",vscode shows an extra definition location,"- VSCode Version: 1.17.2
- OS Version: Ubuntu 16.04
I'm writing an LSP based extension for our CSS preprocessor.
When implementing onDefinition I see that while I send one definition in the response, vscode shows 2.
The second location is the line on which the defintion request was sent.
This makes it harder to find the real definition, and prevents Ctrl+click from going directly to the location I send.
Am I missing something? As you can see in the pic, I am only sending one location back (line 7).
![image](https://user-images.githubusercontent.com/1898725/32329663-57632fd6-bfe6-11e7-8ae7-1ade597bdd5f.png)",question,bug
2026-03-07 05:04:39,"[145, 157, 451, 554, 656, 664, 1026, 1092, 1277, 1500, 1558, 1780, 2043, 2340, 2413, 3103, 3171, 3173, 3198, 3267]",gcc 11.1 on WSL Ubunto 20.04 does not give correct output,"Hi,
I enabled WSL2 and installed Ubuntu 20.04 and installed gcc 11.1.0 on it .
I created a sample code on my Ubuntu distro and  acces thru VS Code;
I  added some sample test code with c++20 features which GCC has and also uso  -std=c++2a compiler flag to enable it.
I used std::ranges and std::views ; it compiles but does not out put the result.
I tested the same code using VS Studio by making a CMake project and adding WSL -GCC configuration and it work OK but it has other problems such as when i go into header it goes into gcc-10 folder on my Ubuntu 20.04 ; but it compiles and gives correct output( some of the features are not  even available in gcc 10.2 (such as std::source_location)
VS Code into right header but somehow the code is disabled as if it is not declared as c++20
Please help because i need to use this feature correctly for cross platform development
Here is the code ;
#include <cstdio>
#include <memory_resource>
#include <ranges>
#include <string>
#include <map>
#include <source_location>
#include <utility>
#include <vector>
#include <coroutine>
#include <barrier>
```
int main()
{
  	std::pmr::monotonic_buffer_resource keepAllocatedPool{1000};
	std::pmr::synchronized_pool_resource pool{&keepAllocatedPool};
    std::printf(""hello salim is on ubuntu\n"");
    return 0;

    std::map<std::string,int>freqWord2 = { {""witch"", 25}, {""wizard"", 33}, {""tale"", 45}, {""dog"", 4}, {""cat"", 34}, {""fish"", 23} };
    //TODO: MSVC Bug does not compile; give a narrowing error !!!; propose solution is on github/VS Developer site; 
	// https://developercommunity.visualstudio.com/t/Compile-error-with-std::ranges::views::k/1397309?from=email&viewtype=all&space=62&q=ranges+
	//https://github.com/microsoft/STL/pull/1844
	for (const auto& name : std::views::keys(freqWord2) | std::views::take(4))
	{
		std::printf(""%s"", name.c_str());
	}

	std::source_location location = std::source_location::current();

	std::printf(""Hello Cpp21Cmake %s\n"", location.file_name());
	
}
```
VS Code version: Code 1.57.1 (507ce72a4466fbb27b715c3722558bb15afa9f48, 2021-06-17T13:28:07.755Z)
OS version: Windows_NT x64 10.0.19043
Restricted Mode: No
Remote OS version: Linux x64 5.4.72-microsoft-standard-WSL2
<details>
<summary>System Info</summary>
|Item|Value|
|CPUs|Intel(R) Core(TM) i7-9700K CPU @ 3.60GHz (8 x 3600)|
|GPU Status|2d_canvas: enabled<br>gpu_compositing: enabled<br>multiple_raster_threads: enabled_on<br>oop_rasterization: enabled<br>opengl: enabled_on<br>rasterization: enabled<br>skia_renderer: enabled_on<br>video_decode: enabled<br>vulkan: disabled_off<br>webgl: enabled<br>webgl2: enabled|
|Load (avg)|undefined|
|Memory (System)|31.94GB (20.01GB free)|
|Process Argv|--folder-uri=vscode-remote://wsl+Ubuntu-20.04/home/salim/test --remote=wsl+Ubuntu-20.04 --crash-reporter-id d5e8327a-a0b6-4b7b-b6f4-d101e144b476|
|Screen Reader|no|
|VM|0%|
|Item|Value|
|Remote|WSL: Ubuntu-20.04|
|OS|Linux x64 5.4.72-microsoft-standard-WSL2|
|CPUs|Intel(R) Core(TM) i7-9700K CPU @ 3.60GHz (8 x 3600)|
|Memory (System)|25.01GB (24.06GB free)|
|VM|0%|
</details><details><summary>Extensions (8)</summary>
Extension|Author (truncated)|Version
better-cpp-syntax|jef|1.15.6
remote-containers|ms-|0.183.0
remote-ssh|ms-|0.65.7
remote-ssh-edit|ms-|0.65.7
remote-wsl|ms-|0.56.5
cmake-tools|ms-|1.7.3
cpptools|ms-|1.4.1
cmake|twx|0.0.17
(1 theme extensions excluded)
</details><details>
<summary>A/B Experiments</summary>
```
vsliv368:30146709
vsreu685:30147344
python383:30185418
pythonvspyt602:30300191
vspor879:30202332
vspor708:30202333
vspor363:30204092
pythonvspyt639:30300192
pythontb:30283811
pythonvspyt551:30311712
vspre833:30321513
pythonptprofiler:30281270
vshan820:30294714
vscorecescf:30322572
pythondataviewer:30285071
vscus158:30321503
pythonvsuse255:30323308
vscorehov:30309549
vscod805cf:30301675
pythonvspyt200cf:30329804
binariesv615:30325510

```
</details>
We have written the needed data into your clipboard because it was too large to send. Please paste.",question,bug
2026-03-07 05:04:40,"[145, 157, 451, 554, 656, 664, 1026, 1092, 1277, 1500, 1558, 1780, 2043, 2340, 2413, 3103, 3171, 3173, 3198, 3267]",Regex find/replace: Cannot prefix newline,"- VSCode Version: 1.8.1
- OS Version: Windows 7
1. Open any file that is not empty and has multiple lines
2. Open the find-module
3. Enable regex-matching
4. Enter the last character from any line in your file, followed by \n. For example `a\n`.
5. Observe that no lines were found.
However, `.?\n` and `.*\n` works, but only highlights the newline character.
I have identified this error on my Windows 7 machine, but it does not reproduce on my Mac.",question,bug
2026-03-07 05:04:40,"[145, 157, 451, 554, 656, 664, 1026, 1092, 1277, 1500, 1558, 1780, 2043, 2340, 2413, 3103, 3171, 3173, 3198, 3267]",Space on font shown only as half the standard width in vscode?,"- VSCode Version: Visual Studio Code - Insiders
- OS Version: OSX
1. Install font https://github.com/gilescope/cyberpunkfonts/blob/master/audiowide-mono/Audiowide-Mono274.ttf
2. Type 'Audiowide' into editor font.
The space is half the width but fine in CLion for example. It's a crazy yet cool font if you want to try it, but I'd really like a hint how we can get the space to show up as the same width as all the normal chars.
I know this is _very_ left field, but if anyone's got any hints please let me know!",question,bug
2026-03-07 05:04:40,"[145, 157, 451, 554, 656, 664, 1026, 1092, 1277, 1500, 1558, 1780, 2043, 2340, 2413, 3103, 3171, 3173, 3198, 3267]",About Check for Updates.,"- VSCode Version: Code 1.17.1 **[Unsupported]** (1e9d36539b0ae51ac09b9d4673ebea4e447e5353, 2017-10-10T14:24:50.851Z)
- OS Version: Windows_NT x64 10.0.15063
- Extensions:
Extension|Author (truncated)|Version
Bookmarks|ale|0.17.0
auto-rename-tag|for|0.0.14
beautify|Hoo|1.1.1
vscode-icons|rob|7.17.0
background|sha|1.1.16
open-in-browser|tec|1.1.0
(1 theme extensions excluded)
1.The latest version is 1.17.2, but I can't update, because there is no ""check for updates"" option
2.I use the zip version,How can I use the check for updates function?
Reproduces without extensions: Yes/No",question,bug
2026-03-07 05:04:41,"[145, 157, 451, 554, 656, 664, 1026, 1092, 1277, 1500, 1558, 1780, 2043, 2340, 2413, 3103, 3171, 3173, 3198, 3267]",VS Code on Mac 64 bits ?,"Hello,
Please compile VS Code for Mac OS X 64 bits....
Thank you",question,bug
2026-03-07 05:04:41,"[145, 157, 451, 554, 656, 664, 1026, 1092, 1277, 1500, 1558, 1780, 2043, 2340, 2413, 3103, 3171, 3173, 3198, 3267]",Untrack files,"- VSCode Version: 1.4.0
- OS Version: Windows 8.1 x86
Call me lazy but it would be really good to have the ability to right click files and untrack them from Git.",question,feature
2026-03-07 05:04:41,"[145, 157, 451, 554, 656, 664, 1026, 1092, 1277, 1500, 1558, 1780, 2043, 2340, 2413, 3103, 3171, 3173, 3198, 3267]",Custom colors,"I have personalized color settings. After each update the folder is removed from ""resources/app/extensions""  and I have to copy it back.
VS Code version: Code 1.37.1 (f06011ac164ae4dc8e753a3fe7f9549844d15e35, 2019-08-15T16:17:55.855Z)
OS version: Windows_NT x64 10.0.18362
<details>
<summary>System Info</summary>
|Item|Value|
|CPUs|Intel(R) Core(TM) i7-8650U CPU @ 1.90GHz (8 x 2112)|
|GPU Status|2d_canvas: enabled<br>flash_3d: enabled<br>flash_stage3d: enabled<br>flash_stage3d_baseline: enabled<br>gpu_compositing: enabled<br>multiple_raster_threads: enabled_on<br>native_gpu_memory_buffers: disabled_software<br>oop_rasterization: disabled_off<br>protected_video_decode: enabled<br>rasterization: enabled<br>skia_deferred_display_list: disabled_off<br>skia_renderer: disabled_off<br>surface_synchronization: enabled_on<br>video_decode: enabled<br>viz_display_compositor: disabled_off<br>webgl: enabled<br>webgl2: enabled|
|Load (avg)|undefined|
|Memory (System)|15.88GB (7.84GB free)|
|Process Argv||
|Screen Reader|no|
|VM|0%|
</details><details><summary>Extensions (2)</summary>
Extension|Author (truncated)|Version
vscode-edit-csv|jan|0.1.2
python|ms-|2019.8.30787
</details>",question,feature
2026-03-07 05:04:41,"[145, 157, 451, 554, 656, 664, 1026, 1092, 1277, 1500, 1558, 1780, 2043, 2340, 2413, 3103, 3171, 3173, 3198, 3267]",'selectHighlights' doesn't select highlights,"- VSCode Version: 1.40.2
- OS Version: Ubuntu 16.04
Does this issue occur when all extensions are disabled?: Yes
This is the action bound to `ctrl-shift-l` by default.
There seems to be a mismatch between the action name (`editor.action.selectHighlights`) and its textual description (Select All Occurrences of Find Match). The behaviour seems to correspond to the latter.
For background, I am using a Haskell LSP plugin. When my cursor is on a variable or function name, all occurrences in the file are highlighted. This is the same information I get from the references view. But when I call `selectHighlights`, the editor seems to do a dumb text search - i.e. other entities, in other scopes, with the same name, are also selected. This is useless.
So is there actually any way to select all currently highlighted strings in the editor?",feature,bug
2026-03-07 05:04:42,"[145, 157, 451, 554, 656, 664, 1026, 1092, 1277, 1500, 1558, 1780, 2043, 2340, 2413, 3103, 3171, 3173, 3198, 3267]",Stuck Installing Extensions,"No matter what extension I select VS Code is stuck installing.
Version: 1.83.1 (user setup)
Commit: f1b07bd25dfad64b0167beb15359ae573aecd2cc
Date: 2023-10-10T23:48:05.904Z
Electron: 25.8.4
ElectronBuildId: 24154031
Chromium: 114.0.5735.289
Node.js: 18.15.0
V8: 11.4.183.29-electron.0
OS: Windows_NT x64 10.0.19045
VS Code version: Code 1.83.1 (f1b07bd25dfad64b0167beb15359ae573aecd2cc, 2023-10-10T23:48:05.904Z)
OS version: Windows_NT x64 10.0.19045
Modes:
Remote OS version: Linux x64 3.10.0-1160.102.1.el7.x86_64
<details>
<summary>System Info</summary>
|Item|Value|
|CPUs|AMD Ryzen 5 PRO 4650U with Radeon Graphics (12 x 2096)|
|GPU Status|2d_canvas: enabled<br>canvas_oop_rasterization: enabled_on<br>direct_rendering_display_compositor: disabled_off_ok<br>gpu_compositing: enabled<br>multiple_raster_threads: enabled_on<br>opengl: enabled_on<br>rasterization: enabled<br>raw_draw: disabled_off_ok<br>video_decode: enabled<br>video_encode: enabled<br>vulkan: disabled_off<br>webgl: enabled<br>webgl2: enabled<br>webgpu: enabled|
|Load (avg)|undefined|
|Memory (System)|15.23GB (6.69GB free)|
|Process Argv|--crash-reporter-id 5f1c9ba4-1be8-4649-a669-f5915bbc8de6|
|Screen Reader|no|
|VM|0%|
|Item|Value|
|Remote|SSH: Develop|
|OS|Linux x64 3.10.0-1160.102.1.el7.x86_64|
|CPUs|Intel(R) Xeon(R) Platinum 8272CL CPU @ 2.60GHz (4 x 2593)|
|Memory (System)|27.48GB (19.68GB free)|
|VM|0%|
</details><details><summary>Extensions (7)</summary>
Extension|Author (truncated)|Version
remotehub|Git|0.62.0
CppSnippets|har|0.0.15
remote-ssh|ms-|0.106.5
remote-ssh-edit|ms-|0.86.0
azure-repos|ms-|0.38.0
remote-explorer|ms-|0.4.1
remote-repositories|ms-|0.40.0
</details><details>
<summary>A/B Experiments</summary>
```
vsliv368cf:30146710
vsreu685:30147344
python383cf:30185419
vspor879:30202332
vspor708:30202333
vspor363:30204092
vslsvsres303:30308271
vserr242cf:30382550
pythontb:30283811
vsjup518:30340749
pythonptprofiler:30281270
vshan820:30294714
vstes263:30335439
vscoreces:30445986
vscod805:30301674
binariesv615:30325510
bridge0708:30335490
bridge0723:30353136
vsaa593cf:30376535
pythonvs932:30410667
py29gd2263:30856252
vsclangdf:30486550
c4g48928:30535728
dsvsc012cf:30540253
pynewext54:30695312
azure-dev_surveyone:30548225
3biah626:30602489
f6dab269:30613381
vscrp:30673768
showlangstatbar:30737416
a2ce3375:30757347
pythonfmttext:30731395
fixshowwlkth:30771522
showindicator:30805244
pythongtdpath:30769146
i26e3531:30792625
pythonnosmt12:30797651
pythonidxpt:30805730
pythonnoceb:30805159
copilotsettingt:30859503
dsvsc013:30795093
dsvsc014:30804076
diffeditorv1:30821571
pythonmhint1:30842940
dsvsc015:30845448
pyreplss1:30858575
pythoncet00cf:30859750
pythontbext0:30864172

```
</details>",question,bug
2026-03-07 05:04:42,"[145, 157, 451, 554, 656, 664, 1026, 1092, 1277, 1500, 1558, 1780, 2043, 2340, 2413, 3103, 3171, 3173, 3198, 3267]",Show a list of used command history,"When you press `Ctrl + 3` it shows you all available commands.
Is it possible to get a **list of the latest used commands**?
Thank you!",feature,feature
2026-03-07 05:04:42,"[145, 157, 451, 554, 656, 664, 1026, 1092, 1277, 1500, 1558, 1780, 2043, 2340, 2413, 3103, 3171, 3173, 3198, 3267]",terminal,"as many guides say I've restored default settings but the terminal still doesn't show me any kind of output (I'm on python)
VS Code version: Code 1.77.0 (7f329fe6c66b0f86ae1574c2911b681ad5a45d63, 2023-03-29T10:02:16.981Z)
OS version: Windows_NT x64 6.2.9200
Modes:
Sandboxed: No
<details>
<summary>System Info</summary>
|Item|Value|
|CPUs|Intel(R) Core(TM) i5-4300U CPU @ 1.90GHz (4 x 2494)|
|GPU Status|2d_canvas: enabled<br>canvas_oop_rasterization: disabled_off<br>direct_rendering_display_compositor: disabled_off_ok<br>gpu_compositing: enabled<br>multiple_raster_threads: enabled_on<br>opengl: enabled_on<br>rasterization: enabled<br>raw_draw: disabled_off_ok<br>skia_renderer: enabled_on<br>video_decode: enabled<br>video_encode: enabled<br>vulkan: disabled_off<br>webgl: enabled<br>webgl2: enabled<br>webgpu: disabled_off|
|Load (avg)|undefined|
|Memory (System)|3.90GB (0.87GB free)|
|Process Argv|--crash-reporter-id 71dd548c-3fec-44ba-aad4-342cbbe0eead|
|Screen Reader|no|
|VM|0%|
</details><details><summary>Extensions (8)</summary>
Extension|Author (truncated)|Version
vscode-language-pack-it|MS-|1.77.2023032909
python|ms-|2023.6.0
vscode-pylance|ms-|2023.3.40
jupyter|ms-|2023.3.1000892223
jupyter-keymap|ms-|1.1.0
jupyter-renderers|ms-|1.0.15
vscode-jupyter-cell-tags|ms-|0.1.8
vscode-jupyter-slideshow|ms-|0.1.5
</details><details>
<summary>A/B Experiments</summary>
```
vsliv368cf:30146710
vsreu685:30147344
python383:30185418
vspor879:30202332
vspor708:30202333
vspor363:30204092
vslsvsres303:30308271
vserr242cf:30382550
pythontb:30283811
vsjup518:30340749
pythonptprofiler:30281270
vshan820:30294714
vstes263cf:30335440
vscoreces:30445986
pythondataviewer:30285071
vscod805cf:30301675
binariesv615:30325510
bridge0708:30335490
bridge0723:30353136
cmake_vspar411:30581797
vsaa593cf:30376535
pythonvs932:30410667
cppdebug:30492333
vscaac:30438847
vsclangdf:30486550
c4g48928:30535728
dsvsc012:30540252
pynewext54:30695312
azure-dev_surveyone:30548225
vscccc:30610679
nodejswelcome1cf:30587006
2e4cg342:30602488
pyind779:30671433
f6dab269:30613381
pythonsymbol12:30671437
vscodedisable:30660115
azdwalk:30687957
pythonms35:30701012

```
</details>",question,bug
2026-03-07 05:04:43,"[145, 157, 451, 554, 656, 664, 1026, 1092, 1277, 1500, 1558, 1780, 2043, 2340, 2413, 3103, 3171, 3173, 3198, 3267]","Context for ""scm/resourceState/context"" when clauses.","I'm trying to author an SCM extension where the context menus depend on the SourceControlResourceGroup.
The problem is that the when clause documentation for triggering is hard to find / unavailable.
I understand that I can set my own context values, at least on the API level; how do I set them on the resourceState level?
""scm/resourceState/context"" : [
""when"": ""scmProvider == mine && scmResourceState == something""",question,feature
2026-03-07 05:04:43,"[145, 157, 451, 554, 656, 664, 1026, 1092, 1277, 1500, 1558, 1780, 2043, 2340, 2413, 3103, 3171, 3173, 3198, 3267]",Add a possibility to use different default terminal profiles depending on OS for as in user settings,"I am working on different machines - Windows PC and Macbook and using user sync option for syncing settings.
I want to have ability to use Powershell on PC and bash on Macbook",question,feature
2026-03-07 05:04:43,"[145, 157, 451, 554, 656, 664, 1026, 1092, 1277, 1500, 1558, 1780, 2043, 2340, 2413, 3103, 3171, 3173, 3198, 3267]",Using mocha - describe and it are not defined,"How do I make the editor understand that `describe` and `it` are valid globals?
I have an `eslintrc`, a `jscrc` and a `tsconfig.json` file. Where to define such globals so that VSC picks them up? I guess it is a linter error?",question,feature
2026-03-07 05:04:44,"[145, 157, 451, 554, 656, 664, 1026, 1092, 1277, 1500, 1558, 1780, 2043, 2340, 2413, 3103, 3171, 3173, 3198, 3267]",Clicking on the blank (unlinked) area of a code lens line should focus and move the cursor,"- VSCode Version:
Version 1.3.0-insider (1.3.0-insider)
57c833a81206c3d6bb99ba876e6cbafaf427b892
OS X El Capitan 10.11.5
1. Click on the non-link area of a code lens line
2. Observe that nothing at all happens
Would really like it to at a minimum to focus the editor (if not already focused), but we **really** love it if it move the cursor to the previous line. I find myself VERY often clicking on that area to start typing above it and nothing happens.",feature,feature
2026-03-07 05:04:44,"[145, 157, 451, 554, 656, 664, 1026, 1092, 1277, 1500, 1558, 1780, 2043, 2340, 2413, 3103, 3171, 3173, 3198, 3267]",vs running slow,"It's too slow using terminal in vs. i need immediate respond.
**system information:**
CPUs | Intel(R) Atom(TM) CPU Z3735F @ 1.33GHz (4 x 1333)
GPU Status | 2d_canvas: unavailable_softwarechecker_imaging: disabled_offflash_3d: unavailable_softwareflash_stage3d: unavailable_softwareflash_stage3d_baseline: unavailable_softwaregpu_compositing: unavailable_softwaremultiple_raster_threads: enabled_onnative_gpu_memory_buffers: disabled_softwarerasterization: unavailable_softwarevideo_decode: unavailable_softwarevideo_encode: unavailable_softwarewebgl: enabled_readbackwebgl2: unavailable_off
Memory (System) | 1.94GB (0.17GB free)
Process Argv | C:\Users\R A J E N D R A\AppData\Local\Programs\Microsoft VS Code\Code.exe
Screen Reader | no
VM | 0%
enabled extensions:
Extension | Author (truncated) | Version
vscode-sqlite | ale | 0.3.1
tslint | eg2 | 1.0.39
apacheconf-snippets | eim | 1.1.9
vsc-material-theme | Equ | 2.4.2
php-debug | fel | 1.12.6
beautify | Hoo | 1.4.4
mysql-syntax | jak | 1.3.1
vscode-phpfmt | kok | 1.0.30
Angular-BeastCode | Mik | 6.2.28
dotenv | mik | 1.0.1
vscode-autoprefixer | mrm | 2.1.2
mssql | ms- | 1.4.0
mysql-inline-decorator | odu | 0.0.5
laravel-blade | one | 1.18.0
live-sass | rit | 3.0.0
LiveServer | rit | 5.1.1
bootstrap4-vscode | the | 4.3.0",question,bug
2026-03-07 05:04:44,"[145, 157, 451, 554, 656, 664, 1026, 1092, 1277, 1500, 1558, 1780, 2043, 2340, 2413, 3103, 3171, 3173, 3198, 3267]",editor.trimAutoWhitespace doesn't re-indent on pressing Enter,"- VSCode Version: 1.2.1
- OS Version: OSX
![vscode-why](https://cloud.githubusercontent.com/assets/79215/16054262/334ecb36-3221-11e6-8aba-d61fb9d49650.gif)
When on an auto un-indented line, hitting enter should reset to the correct indent. Vim currently does this (although it might be a plugin I'm using?). I tested in Sublime too and was fairly surprised to find out Sublime doesn't correct the indent on hitting enter either.",feature,bug
2026-03-07 05:04:45,"[145, 157, 451, 554, 656, 664, 1026, 1092, 1277, 1500, 1558, 1780, 2043, 2340, 2413, 3103, 3171, 3173, 3198, 3267]",editor format configure,"- VSCode Version: 1.2.1
- OS Version: OSX
const a = require('a');
const bb = require('b');
const ccc = require('c');
use editor format, i want to
const a&nbsp;&nbsp;&nbsp;&nbsp;&nbsp;&nbsp;=  require('a');
const bb&nbsp;&nbsp;&nbsp;&nbsp;=  require('b');
const ccc&nbsp;&nbsp;=  require('c');
Can configure it?",question,feature
2026-03-07 05:04:45,"[145, 157, 451, 554, 656, 664, 1026, 1092, 1277, 1500, 1558, 1780, 2043, 2340, 2413, 3103, 3171, 3173, 3198, 3267]",why can't found c# language type when i run the instance of vscode that build with vscode source?,"When i build vscode source code and use "".\scripts\code.bat"" to start the instance of vscode, i found i can not found c# type when i open language mode selector ,anyone can help me?
![unablefoundc](https://cloud.githubusercontent.com/assets/15098626/12319657/b49db662-bade-11e5-9029-14e0e30f4b8f.png)",question,bug
2026-03-07 05:04:46,"[145, 157, 451, 554, 656, 664, 1026, 1092, 1277, 1500, 1558, 1780, 2043, 2340, 2413, 3103, 3171, 3173, 3198, 3267]",Toggle sidebar doesn't work when focus on terminal,"ctrl+b toggles the visibility of sidebar when cursor focus is in editor but it doesn't work when cursor focus is in terminal.
- VSCode Version: 1.40.1
- VSCode Terminal: Integrated PowerShell 6.2.3
- OS Version: Windows 10",question,bug
2026-03-07 05:04:46,"[145, 157, 451, 554, 656, 664, 1026, 1092, 1277, 1500, 1558, 1780, 2043, 2340, 2413, 3103, 3171, 3173, 3198, 3267]",Is there vertical selection? Is there documentation?,"1. I am trying to select text vertical such as it is possible in Visual Studio.
2. Not finding a way to do so, I search the keyboard shortcut preference settings. No find either. So I try to search for documentation. More or less, there is none? I mean, at https://code.visualstudio.com/Docs, there is a rough overview but I cannot find an answer to this question.
Anyway, great tool even beside VS, thx for delivering and open sourcing it.",question,feature
2026-03-07 05:04:47,"[145, 157, 451, 554, 656, 664, 1026, 1092, 1277, 1500, 1558, 1780, 2043, 2340, 2413, 3103, 3171, 3173, 3198, 3267]",Clean up recently opened items,"There's a command in VS Code to _clear_ recently opened items, but I wish there was a way to _clean_ it. I.e. remove references to files and folders/projects that no longer exists, but keep the rest.
It's for example annoying to still see folders I opened several weeks ago, that no longer exists on my disk. I think VS Code should clean this up automatically, but if not, there would at least be great with command I could run to do it.
**VS Code version:** Code 1.37.0 (036a6b1d3ac84e5ca96a17a44e63a87971f8fcc8, 2019-08-08T02:33:50.993Z)
**OS version:** Windows_NT x64 10.0.17134",question,feature
2026-03-07 05:04:47,"[145, 157, 451, 554, 656, 664, 1026, 1092, 1277, 1500, 1558, 1780, 2043, 2340, 2413, 3103, 3171, 3173, 3198, 3267]",how to set a given language per filetype extension?,"I'm working with a lot of legacy asp code, vbscript and such. VSCode doesn't recognize asp/aspx file extensions so it defaults to plaintext. How do I tell VSCode that I want it to read my asp/aspx files as Visual Basic (even though it's not exactly right, it's close enough)?",question,feature
2026-03-07 05:04:48,"[145, 157, 451, 554, 656, 664, 1026, 1092, 1277, 1500, 1558, 1780, 2043, 2340, 2413, 3103, 3171, 3173, 3198, 3267]",avoid being closed by Ctrl-W,"- VSCode Version: Code 1.9.1 (f9d0c687ff2ea7aabd85fb9a43129117c0ecf519, 2017-02-08T23:31:51.320Z)
- OS Version: Darwin x64 16.4.0
- Extensions:
|Extension|Author|Version|
|tslint|eg2|0.8.1|
|vs-code-xml-format|fabianlauer|0.1.4|
|code-beautifier|michelemelluso|1.6.2|
|vscode-icons|robertohuertasm|7.2.0|
|vim|vscodevim|0.5.3|
1. Keep press down and up Ctrl + W
2. then vscode will be closed
Expected:
close all windows expect vscode itself.",question,bug
2026-03-07 05:04:48,"[145, 157, 451, 554, 656, 664, 1026, 1092, 1277, 1500, 1558, 1780, 2043, 2340, 2413, 3103, 3171, 3173, 3198, 3267]",VS Code as syntax highlighter on a website like PrismJS but with VS Code themes and plugins,"I'm using PrismJS for a long time now and have never thought about using something else (besides from that there isn't a better lib than PrismJS) but for my portfolio I thought it would be time to use something newer/more optimized and then, while editing my portfolio in VS Code, I had that idea:
> ""Why can I not use VS Code as my code highlighter on my website, with my preferred theme and plugins to copy the code to the clipboard or something like that? This would be soo cool and people could have a button >Open in VS Code< and the code will open a new file with the correct syntax etc. :o""
So that is the idea but I guess the implementation will be much harder than I think 😄. Besides that, I guess a PrismJS plugin to allow VS Code themes in PrismJS or ""open in VS Code"" would be awesome as well.
Wonder what you are thinking about that.",question,feature
2026-03-07 05:04:48,"[145, 157, 451, 554, 656, 664, 1026, 1092, 1277, 1500, 1558, 1780, 2043, 2340, 2413, 3103, 3171, 3173, 3198, 3267]",Asked to update twice,"- VSCode Version: Current insiders (upgraded to 2016-07-20)
- OS Version: OS X
1. Was asked to update yesterday
2. Only updated today
3. After restart I'm at insiders from 2016-07-19 and am asked to update
4. Update again, now I'm at 2016-07-20
Maybe we could just remove the prompt to update when we see a newer version on the server and then install that before prompting again?",feature,bug
2026-03-07 05:04:49,"[145, 157, 451, 554, 656, 664, 1026, 1092, 1277, 1500, 1558, 1780, 2043, 2340, 2413, 3103, 3171, 3173, 3198, 3267]",Code hinting/Intellisense for custom angularJS modules,"Would be really lovely if VSC can support hinting and intellisense for custom angular modules created by devs in a project and not just the default angularJS support.
1: Create a new angularJS module e.g services in a separate file eg services.js
2: return to a separate file say controller.js and create a new controller.
3: reference service from controller and as one is typing code hints and intellisense popup showing related function created in service.",feature,feature
2026-03-07 05:04:49,"[145, 157, 451, 554, 656, 664, 1026, 1092, 1277, 1500, 1558, 1780, 2043, 2340, 2413, 3103, 3171, 3173, 3198, 3267]",VS Code Integrated Terminal Not Outputting Complete print() - PrettyTable(),"Version: 1.65.2 (user setup)
Commit: c722ca6c7eed3d7987c0d5c3df5c45f6b15e77d1
Date: 2022-03-10T14:33:55.248Z
Electron: 13.5.2
Chromium: 91.0.4472.164
Node.js: 14.16.0
V8: 9.1.269.39-electron.0
OS: Windows_NT x64 10.0.22000
I have been trying to use VS Code for some python coding for a class I am currently taking. We must use PrettyTable() to generate tables of data after having filled them with data. However, it seems that every time it comes to printing these tables, VS Code cuts off the ends of each table. In this specific assignment, one table should be 4,940,992 characters long, but it only prints the first 9,648 characters before stopping any output and the other table should be 648,516 characters long, but only prints 10,123 characters.
I noticed #38137 was very similar to this issue, however I am not able to print each line individually without headers printing with them. This has occurred with other scripts in the past, but I normally just use a different application like WingIDE to confirm all my outputs are accurate, but for this particular assignment WingIDE is incredibly slow and I would much prefer to use VS Code.
I should also mention I have been unable to find any patterns with the cutting of the output. It may be time based since I haven't found a link with character count.
Are there any other solutions to this weird output cap in VS Code?",question,bug
2026-03-07 05:04:50,"[145, 157, 451, 554, 656, 664, 1026, 1092, 1277, 1500, 1558, 1780, 2043, 2340, 2413, 3103, 3171, 3173, 3198, 3267]",Cannot start integrated terminal in desired directory,"Issue:
I want the integrated terminal to start in ~/my-dir/my-site. When I try to open it, I get the error below.
1. Open VSCode
2. Click View, Terminal. I get the message, ""The terminal process failed to launch: Starting directory (cwd) ""\~/my-dir/my-site/\~/my-dir/my-site"" does not exist.""
These are the contents of my workspace file:
```
{
	""folders"": [
		{
			""path"": ""my-site""
		}
	],
	""settings"": {
		""git.ignoreLimitWarning"": true,
		""terminal.integrated.cwd"": ""~/my-dir/my-site"",
		""terminal.integrated.enablePersistentSessions"": false
	}
}
```
This was working fine until I rebooted today. I've updated VSCode twice since I had to last open the integrated terminal. So I'm not sure which update broke it. I tried:
1. Removing the ""terminal.integrated.cwd"" setting completely
2. Closing VSCode
3. Re-opening VSCode
4. Opening the integrated terminal
When I do this, it starts ok, but in the ~/my-dir directory.
I also tried:
* Changing ""terminal.integrated.cwd"" to ""my-site"". I then get, ""The terminal process failed to launch: Starting directory (cwd) ""~/my-dir/my-site/my-site"" does not exist.""
* Changing ""terminal.integrated.cwd"" to ""/my-site"". I then get, ""The terminal process failed to launch: Starting directory (cwd) ""/my-site"" does not exist.""
Does this issue occur when you try this with all extensions disabled?: Yes
VS Code version: Code 1.65.2 (Universal) (c722ca6c7eed3d7987c0d5c3df5c45f6b15e77d1, 2022-03-10T14:33:49.188Z)
OS version: Darwin x64 20.6.0
Restricted Mode: No
<details>
<summary>System Info</summary>
|Item|Value|
|CPUs|Intel(R) Core(TM) i7-8750H CPU @ 2.20GHz (12 x 2200)|
|GPU Status|2d_canvas: enabled<br>gpu_compositing: enabled<br>metal: disabled_off<br>multiple_raster_threads: enabled_on<br>oop_rasterization: enabled<br>opengl: enabled_on<br>rasterization: enabled<br>skia_renderer: disabled_off_ok<br>video_decode: enabled<br>webgl: enabled<br>webgl2: enabled|
|Load (avg)|2, 2, 2|
|Memory (System)|32.00GB (0.19GB free)|
|Process Argv|--crash-reporter-id a8e4ad55-9a1a-4496-b72c-745ed0f3d1fb|
|Screen Reader|no|
|VM|0%|
</details><details><summary>Extensions (4)</summary>
Extension|Author (truncated)|Version
gitlens|eam|12.0.5
vscode-search-open-all-results|fab|1.0.3
git-graph|mhu|1.30.0
php-debug|xde|1.25.0
</details><details>
<summary>A/B Experiments</summary>
```
vsliv368cf:30146710
vsreu685:30147344
python383cf:30185419
vspor879:30202332
vspor708:30202333
vspor363:30204092
pythonvspyl392:30443607
pythontb:30283811
pythonptprofiler:30281270
vshan820:30294714
vstes263:30335439
vscorecescf:30445987
pythondataviewer:30285071
vscod805:30301674
pythonvspyt200:30340761
binariesv615:30325510
bridge0708:30335490
bridge0723:30353136
vsaa593:30376534
vsc1dst:30438360
pythonvs932:30410667
wslgetstarted:30449410
vsclayoutctrt:30451275
dsvsc009:30452663
pythonvsnew555:30457759
vscscmwlcmc:30438804
cppdebug:30451566
pynewfile477cf:30450039

```
</details>",question,bug
2026-03-07 05:04:50,"[145, 157, 451, 554, 656, 664, 1026, 1092, 1277, 1500, 1558, 1780, 2043, 2340, 2413, 3103, 3171, 3173, 3198, 3267]",Untitled file name extended by 1st line type-in,"When I select File > New File and start typing the first line, I don't want the feature of having the suggested file name be what I'm typing in + ""Untitled-n"".  I will choose the name on Save  or Save As.  I'm going to change it anyway since I don't want ""Untitled"" to be part of the name.  This is help that is a burden.
VS Code version: Code - Insiders 1.52.0-insider (8f9aeb83da26902e21ca41f8d17d204d2ac216cf, 2020-11-16T11:24:42.172Z)
OS version: Windows_NT x64 10.0.19042
<details>
<summary>System Info</summary>
|Item|Value|
|CPUs|Intel(R) Core(TM) i5-3550 CPU @ 3.30GHz (4 x 3400)|
|GPU Status|2d_canvas: enabled<br>flash_3d: enabled<br>flash_stage3d: enabled<br>flash_stage3d_baseline: enabled<br>gpu_compositing: enabled<br>multiple_raster_threads: enabled_on<br>oop_rasterization: disabled_off<br>opengl: enabled_on<br>protected_video_decode: unavailable_off<br>rasterization: enabled<br>skia_renderer: disabled_off_ok<br>video_decode: enabled<br>vulkan: disabled_off<br>webgl: enabled<br>webgl2: enabled|
|Load (avg)|undefined|
|Memory (System)|15.94GB (11.90GB free)|
|Process Argv|--crash-reporter-id 7c6de294-4532-45d5-9935-df9c636e4365|
|Screen Reader|no|
|VM|67%|
</details><details><summary>Extensions (2)</summary>
Extension|Author (truncated)|Version
python|ms-|2020.12.360617350-dev
jupyter|ms-|2020.11.372831992
</details>",question,feature
2026-03-07 05:04:50,"[145, 157, 451, 554, 656, 664, 1026, 1092, 1277, 1500, 1558, 1780, 2043, 2340, 2413, 3103, 3171, 3173, 3198, 3267]",Image preview transparency grid is in wrong position when zoomed in,"After a zoom a few times the background is in the wrong spot:
![Image](https://github.com/user-attachments/assets/aa2a204d-6584-424b-8e15-6933c722a652)
Image used:
![Image](https://github.com/user-attachments/assets/f809b5c9-d84b-4823-a631-8e1b8e2ae3b2)",bug,bug
2026-03-07 05:04:51,"[145, 157, 451, 554, 656, 664, 1026, 1092, 1277, 1500, 1558, 1780, 2043, 2340, 2413, 3103, 3171, 3173, 3198, 3267]",Allow customization of the pop-up documentation box during auto-complete,"It is currently impossible to resize the documentation box or change its font size - it is not controllable by the upcoming `suggestFontSize` either. This leads to awkward situations where the documentation has a lot of line breaks and becomes unreadable:
![screenshot from 2017-06-24 19-59-15](https://user-images.githubusercontent.com/918661/27511245-ba386530-5917-11e7-963c-18beffa420ad.png)
I propose the addition of a variable that controls the documentation's font size and one that allows to scale the boundaries of the documentation box by a scalar.",feature,feature
2026-03-07 05:04:51,"[145, 157, 451, 554, 656, 664, 1026, 1092, 1277, 1500, 1558, 1780, 2043, 2340, 2413, 3103, 3171, 3173, 3198, 3267]",Packaging  the Mac App,"Hey There,  Loving VS Code, it's awesome so far. I pulled down and built from source today and was wondering what you use to generate the Mac app. I saw the resources for generating the .deb .rpm, but I didn't quite see a place where a could build the app and have the final result be an OSX app. Is there a specific tool or command you are using?",question,feature
2026-03-07 05:04:51,"[145, 157, 451, 554, 656, 664, 1026, 1092, 1277, 1500, 1558, 1780, 2043, 2340, 2413, 3103, 3171, 3173, 3198, 3267]","Can I  install visual studio code safely, side by side, next to visual studio 2015","🚨 The issue tracker is not for questions 🚨
If you have a question, please ask it on https://stackoverflow.com/questions/tagged/visual-studio-code.",question,bug
2026-03-07 05:04:52,"[145, 157, 451, 554, 656, 664, 1026, 1092, 1277, 1500, 1558, 1780, 2043, 2340, 2413, 3103, 3171, 3173, 3198, 3267]",VSCode does not send args due remote debug from docker container,"VSCode does not send args due remote debug from docker container.
I want to send --check-go-version=false on debugging, but it's always ignore it with error:
API server listening at: 127.0.0.1:26113
Version of Go is too old for this version of Delve (minimum supported version 1.12, suppress this error with --check-go-version=false)
Process exiting with code: 1
My launch.json:
```json
{
    ""version"": ""0.2.0"",
    ""configurations"": [
        {
            ""name"": ""Launch"",
            ""type"": ""go"",
            ""request"": ""launch"",
            ""mode"": ""debug"",
            ""program"": ""${fileDirname}"",
            ""env"": {},
            ""args"": [
                ""--check-go-version=false""
            ],
        }
    ]
}
```
Plz, how to fix it?",question,bug
2026-03-07 05:04:52,"[145, 157, 451, 554, 656, 664, 1026, 1092, 1277, 1500, 1558, 1780, 2043, 2340, 2413, 3103, 3171, 3173, 3198, 3267]",New line character not detected in regular expression search,New line character (\n) not detected in regular expression search. It is treated as string even when regular expression option is selected.,feature,bug
2026-03-07 05:04:53,"[145, 157, 451, 554, 656, 664, 1026, 1092, 1277, 1500, 1558, 1780, 2043, 2340, 2413, 3103, 3171, 3173, 3198, 3267]",QuickSuggestion does not desappear,"When i'm finished writting a word that the quick suggestion failed to guess, that suggestion remains on the screen. So, if a hit the 'enter', instead of going to the next line, it will unnecessarily accept the word, and i'll have to hit 'enter' again.
1 - create a new .txt file
2 - inside the file write ""babe baby""
3 - insert some lines and try to write ""babe"", character by character
the suggestion will show the word ""babe"" until you finish the last character, and when you've already finished the entire word the suggestion will remain in the screen. Now, if you wanna go to the next line, you'll have to hit 'enter' twice, cause the first hit will accept the suggestion.
VS Code version: Code 1.44.2 (ff915844119ce9485abfe8aa9076ec76b5300ddd, 2020-04-16T16:36:23.138Z)
OS version: Windows_NT x64 10.0.17134",question,bug
2026-03-07 05:04:53,"[145, 157, 451, 554, 656, 664, 1026, 1092, 1277, 1500, 1558, 1780, 2043, 2340, 2413, 3103, 3171, 3173, 3198, 3267]",Search for sub-symbols via dot-notation,"I would like to request the dot-notation be supported when searching for sub-symbols in a file.
### Example:
```python
# file.py:

class C:
    x = 10
    y = 20
    

class D:
    z = 30
```
After we press `Ctrl+P` and type `@:C.` what should get returned is:
```
x
y
```",feature,feature
2026-03-07 05:04:54,"[145, 157, 451, 554, 656, 664, 1026, 1092, 1277, 1500, 1558, 1780, 2043, 2340, 2413, 3103, 3171, 3173, 3198, 3267]",Cannot 'Reopen With..' settings editor with text editor,"With Hex editor (or probably any other editor extension) installed. Otherwise 'Reopen With...' won't appear.
1. Click on File > Preferences > Settings
2. Click on ... > Show modified settings
3. Click on ... > Reopen With... then select Text Editor
Expected: The User/settings.json is opened in the text editor
Actual: The error message:
Unable to open 'settingseditor': Unable to resolve filesystem provider with relative file path 'vscode-settings:settingseditor'.
VS Code version: Code 1.46.0 (a5d1cc28bb5da32ec67e86cc50f84c67cc690321, 2020-06-10T09:03:20.462Z)
OS version: Windows_NT x64 10.0.18362",bug,bug
2026-03-07 05:04:54,"[145, 157, 451, 554, 656, 664, 1026, 1092, 1277, 1500, 1558, 1780, 2043, 2340, 2413, 3103, 3171, 3173, 3198, 3267]",Make the quick open prefixes configurable,"on testing #2791:
I tried hard to use the dash ('–') for Working file QP but then realised that the trigger character is in fact a tilde ('~'). We should either use a font that has a better tilde character, or use a better character (who knows how to enter a tilde on a German keyboard?).
![2016-02-23 23-46-40](https://cloud.githubusercontent.com/assets/1898161/13269519/692fbd32-da88-11e5-9d92-7e3c0d8a1ee1.png)
Since we are running out of usable characters, IMO we will have to find a better mechanism for QP.",feature,feature
2026-03-07 05:04:54,"[145, 157, 451, 554, 656, 664, 1026, 1092, 1277, 1500, 1558, 1780, 2043, 2340, 2413, 3103, 3171, 3173, 3198, 3267]",python not listening,"i have imported all modules the als vsc is not hearing me
VS Code version: Code 1.49.1 (58bb7b2331731bf72587010e943852e13e6fd3cf, 2020-09-16T23:27:51.792Z)
OS version: Windows_NT x64 10.0.19042",question,bug
2026-03-07 05:04:55,"[145, 157, 451, 554, 656, 664, 1026, 1092, 1277, 1500, 1558, 1780, 2043, 2340, 2413, 3103, 3171, 3173, 3198, 3267]",characters are automatically indented,"When copying and pasting code from other documents, two characters are automatically indented.
VS Code version: Code 1.32.2 (e64cb27b1a0cbbc3f643c9fc6c7d93d6c6509951, 2019-03-13T02:00:46.035Z)
OS version: Windows_NT x64 10.0.17763
<details>
<summary>System Info</summary>
|Item|Value|
|CPUs|Intel(R) Core(TM) i5-4210M CPU @ 2.60GHz (4 x 2594)|
|GPU Status|2d_canvas: enabled<br>checker_imaging: disabled_off<br>flash_3d: enabled<br>flash_stage3d: enabled<br>flash_stage3d_baseline: enabled<br>gpu_compositing: enabled<br>multiple_raster_threads: enabled_on<br>native_gpu_memory_buffers: disabled_software<br>rasterization: enabled<br>surface_synchronization: enabled_on<br>video_decode: enabled<br>webgl: enabled<br>webgl2: enabled|
|Memory (System)|3.93GB (0.25GB free)|
|Process Argv||
|Screen Reader|no|
|VM|0%|
</details><details><summary>Extensions (5)</summary>
Extension|Author (truncated)|Version
vscode-eslint|dba|1.8.2
mithril-emmet|Fal|0.7.1
vscode-language-pack-zh-hans|MS-|1.32.4
sublime-keybindings|ms-|4.0.0
open-in-browser|tec|2.0.0
</details>",question,bug
2026-03-07 05:04:55,"[145, 157, 451, 554, 656, 664, 1026, 1092, 1277, 1500, 1558, 1780, 2043, 2340, 2413, 3103, 3171, 3173, 3198, 3267]",Extensions: onDidChangeActiveTextEditor raised with undefined event argument,"- VSCode Version: master as of 94c647f246c3e0a98f2234a1c2614415a6420736
- OS Version: OSX 10.11.6
1. Create an extension that listens to `vscode.window.onDidChangeActiveTextEditor`
2. Open a large file (e.g. http://seanlahman.com/files/database/baseballdatabank-2017.1.zip Fielding.csv)
3. Toggle between two files (one being the large file)
**Expected:**
`onDidChangeActiveTextEditor` should be raised the active `vscode.TextEditor` instance.
**Actual:**
`onDidChangeActiveTextEditor` is raised with `undefined`
**Notes:**
Some other observations:
- `onDidOpenTextDocument` is raised
- `vscode.window.visibleTextEditors`is expected to have a length of `1` (one open visible document) but has a length of `0`",question,bug
2026-03-07 05:04:56,"[145, 157, 451, 554, 656, 664, 1026, 1092, 1277, 1500, 1558, 1780, 2043, 2340, 2413, 3103, 3171, 3173, 3198, 3267]",Add an option to not focus sidebar from Cmd-B,"- VSCode Version: 1.6.1
- OS Version: macOS Sierra 10.12.0
1. Open a code editor window
2. Mis-type Cmd-V (paste) and press Cmd-B (hide directory/file pane)
3. Press Cmd-B again to show the left pane again
4. Cuss and grab the mouse to click inside the editor because it has lost focus
Expected: Focus is still on editor window.",feature,feature
2026-03-07 05:04:56,"[145, 157, 451, 554, 656, 664, 1026, 1092, 1277, 1500, 1558, 1780, 2043, 2340, 2413, 3103, 3171, 3173, 3198, 3267]",Flutter compatability issue,"### Issue Type
### Description
Unable to install 'Dart-Code.flutter'; there is no available version compatible with VS Code '1.20.1'.
### VS Code Info
VS Code version: Code 1.20.1 (f88bbf9137d24d36d968ea6b2911786bfe103002, 2018-02-13T15:23:28.607Z)
OS version: Darwin x64 18.2.0
<details>
<summary>System Info</summary>
|Item|Value|
|CPUs|Intel(R) Core(TM) i5-5350U CPU @ 1.80GHz (4 x 1800)|
|Load (avg)|3, 4, 4|
|Memory (System)|8.00GB (0.29GB free)|
|Process Argv|/private/var/folders/nx/jq6p1f95205fs5vlr58f5cdh0000gn/T/AppTranslocation/D1184E9F-95F6-497E-9A64-50996DA5E7EA/d/Visual Studio Code.app/Contents/MacOS/Electron|
|Screen Reader|no|
|VM|0%|
</details><details><summary>Extensions (20)</summary>
Extension|Author (truncated)|Version
vscode-docker|Pet|0.0.26
vsc-docker|Zim|0.34.0
vscode-eclipse-keybindings|alp|0.10.0
vue-peek|dar|1.0.2
githistory|don|0.4.0
vscode-npm-script|eg2|0.3.5
prettier-vscode|esb|1.7.3
auto-close-tag|for|0.5.6
auto-rename-tag|for|0.0.15
docker-explorer|for|0.1.6
sass-lint|gle|1.0.3
vue-snippets|hol|0.1.10
python|ms-|2018.4.0
vetur|oct|0.12.4
java|red|0.24.0
vscode-nginx|sha|0.6.0
vscode-java-debug|vsc|0.9.0
vscode-java-pack|vsc|0.3.0
vscode-java-test|vsc|0.5.0
vscode-maven|vsc|0.13.0
</details>
Reproduces only with extensions",question,bug
2026-03-07 05:04:57,"[145, 157, 451, 554, 656, 664, 1026, 1092, 1277, 1500, 1558, 1780, 2043, 2340, 2413, 3103, 3171, 3173, 3198, 3267]",Add more border colors for theming,"Theme style increase,
1.  border color of  ""breadcrumb.border""
2.  background color and border color of container of scrollbarSlider
3.  background color of ""scrollbarSlider.hover""
![2021-04-27 09 22 05](https://user-images.githubusercontent.com/137764/116171083-b1ed6900-a73a-11eb-8dc0-b52e18a86653.png)",feature,feature
2026-03-07 05:04:57,"[145, 157, 451, 554, 656, 664, 1026, 1092, 1277, 1500, 1558, 1780, 2043, 2340, 2413, 3103, 3171, 3173, 3198, 3267]",i can't see a sighn when i write wrong code,"i can't see a sighn when i write wrong code
like red line under the codes
VS Code version: Code 1.55.2 (3c4e3df9e89829dce27b7b5c24508306b151f30d, 2021-04-13T09:35:57.887Z)
OS version: Windows_NT x64 10.0.19042
<details>
<summary>System Info</summary>
|Item|Value|
|CPUs|Intel(R) Core(TM) i7-8565U CPU @ 1.80GHz (8 x 1992)|
|GPU Status|2d_canvas: enabled<br>gpu_compositing: enabled<br>multiple_raster_threads: enabled_on<br>oop_rasterization: enabled<br>opengl: enabled_on<br>protected_video_decode: unavailable_off<br>rasterization: enabled<br>skia_renderer: enabled_on<br>video_decode: enabled<br>vulkan: disabled_off<br>webgl: enabled<br>webgl2: enabled|
|Load (avg)|undefined|
|Memory (System)|11.85GB (6.83GB free)|
|Process Argv||
|Screen Reader|no|
|VM|0%|
</details>Extensions: none<details>
<summary>A/B Experiments</summary>
```
vsliv368cf:30146710
vsreu685:30147344
python383:30185418
pythonvspyt700cf:30270857
pythonvspyt602:30294772
vspor879:30202332
vspor708:30202333
vspor363:30204092
vstry914:30276682
pythonvspyt639:30291489
pythontb:30283811
vspre833:30267464
pythonptprofiler:30281270
vshan820:30294714
pythondataviewer:30285071
vscus158cf:30286554

```
</details>",question,bug
2026-03-07 05:04:57,"[145, 157, 451, 554, 656, 664, 1026, 1092, 1277, 1500, 1558, 1780, 2043, 2340, 2413, 3103, 3171, 3173, 3198, 3267]",asking to remove alias from .bash_profile,"Why would this be asking me to remove function code from my bash profile for the update?  Is this correct?
```
function code () { VSCODE_CWD=""$PWD"" open -n -b ""com.microsoft.VSCode"" --args $*; }

//Code needs to change the 'code' shell command. Would you like to do this now?
//Please remove the 'code' alias from '/Users/steven/.bash_profile' before continuing.

```",question,bug
2026-03-07 05:04:58,"[145, 157, 451, 554, 656, 664, 1026, 1092, 1277, 1500, 1558, 1780, 2043, 2340, 2413, 3103, 3171, 3173, 3198, 3267]",Is there any way to have extension specific setting?,"I would like my extension behave differently based on user's preference / user's setting.
Is it possible?",question,feature
2026-03-07 05:04:59,"[145, 157, 451, 554, 656, 664, 1026, 1092, 1277, 1500, 1558, 1780, 2043, 2340, 2413, 3103, 3171, 3173, 3198, 3267]","""JavaScript heap out of memory"" when building on RHEL-7","- VSCode Version: 1.10.2
- OS Version: RHEL-7 (7.3 with nightly packages on the way towards 7.4).
- NodeJS: v6.9.4 (packaged in the EPEL-7 repository)
- NPM: 3.10.10
1. Try to build RPM package using https://gitlab.com/mcepl/vscode-pkg/blob/master/vscode.spec
2. Observe the failure
The [build log](https://github.com/Microsoft/vscode/files/881940/build.log.txt) ends with:
```
<--- Last few GCs --->
  208718 ms: Mark-sweep 1158.0 (1436.2) -> 1158.0 (1436.2) MB, 1781.4 / 0.0 ms [allocation failure] [scavenge might not succeed].
  210553 ms: Mark-sweep 1158.0 (1436.2) -> 1158.0 (1436.2) MB, 1834.4 / 0.0 ms [allocation failure] [scavenge might not succeed].
  212438 ms: Mark-sweep 1158.1 (1436.2) -> 1158.0 (1436.2) MB, 1885.3 / 0.0 ms [allocation failure] [scavenge might not succeed].
<--- JS stacktrace --->
Cannot get stack trace in GC.
FATAL ERROR: MarkCompactCollector: semi-space copy, fallback in old gen Allocation failed - JavaScript heap out of memory
 1: node::Abort() [gulp]
 2: 0x109b1dc [gulp]
 3: v8::Utils::ReportApiFailure(char const*, char const*) [gulp]
 4: v8::internal::V8::FatalProcessOutOfMemory(char const*, bool) [gulp]
 5: v8::internal::MarkCompactCollector::EvacuateNewSpaceVisitor::Visit(v8::internal::HeapObject*) [gulp]
 6: v8::internal::MarkCompactCollector::VisitLiveObjects(v8::internal::MemoryChunk*, v8::internal::MarkCompactCollector::HeapObjectVisitor*, v8::internal::MarkCompactCollector::IterationMode) [gulp]
 7: v8::internal::PageParallelJob<v8::internal::EvacuationJobTraits>::Task::RunInternal() [gulp]
 8: v8::internal::MarkCompactCollector::EvacuatePagesInParallel() [gulp]
 9: v8::internal::MarkCompactCollector::EvacuateNewSpaceAndCandidates() [gulp]
10: v8::internal::MarkCompactCollector::CollectGarbage() [gulp]
11: v8::internal::Heap::MarkCompact() [gulp]
12: v8::internal::Heap::PerformGarbageCollection(v8::internal::GarbageCollector, v8::GCCallbackFlags) [gulp]
13: v8::internal::Heap::CollectGarbage(v8::internal::GarbageCollector, char const*, char const*, v8::GCCallbackFlags) [gulp]
14: v8::internal::Factory::NewFillerObject(int, bool, v8::internal::AllocationSpace) [gulp]
15: v8::internal::Runtime_AllocateInTargetSpace(int, v8::internal::Object**, v8::internal::Isolate*) [gulp]
16: 0x1a493cd079a7
```
The local computer has 4GB free memory (12GB total), 3+GB free disk space on ``/home`` partition.",question,bug
2026-03-07 05:04:59,"[145, 157, 451, 554, 656, 664, 1026, 1092, 1277, 1500, 1558, 1780, 2043, 2340, 2413, 3103, 3171, 3173, 3198, 3267]",Recently closed file not showing up in recents list,"Hi,
If I have a file that I've been editing and I close its tab, then I want to open it again, I should be able to go to the recents list and it should be right at the top.  But it is not in the main list.  If I click on More.. and search for it, it shows up.",question,bug
2026-03-07 05:04:59,"[145, 157, 451, 554, 656, 664, 1026, 1092, 1277, 1500, 1558, 1780, 2043, 2340, 2413, 3103, 3171, 3173, 3198, 3267]",Allow intellisense while filling in snippet tabstops,"Currently it seems that suggestions do not appear when filling in tabstops of a snippet. Is this an intentional design decision? Would love for this to work!
![example of suggestions not appearing](https://media.giphy.com/media/SXfKg2D4l51nte1wEo/giphy.gif)",question,feature
2026-03-07 05:05:00,"[145, 157, 451, 554, 656, 664, 1026, 1092, 1277, 1500, 1558, 1780, 2043, 2340, 2413, 3103, 3171, 3173, 3198, 3267]",Per-keystroke audio cue for multiple cursors,"I suggest/request the ability to turn on a per-keystroke audio cue when typing/deleting with multiple cursors active.
I see value both as an accessibility feature and as a bonus for people like me who occasionally lose track of the fact that multiple cursors are active--especially when all but one are off-screen.
I imagine it such that that only actual edits would generate the per-keystroke audio cue, and not cursor movement.",feature,feature
2026-03-07 05:05:00,"[145, 157, 451, 554, 656, 664, 1026, 1092, 1277, 1500, 1558, 1780, 2043, 2340, 2413, 3103, 3171, 3173, 3198, 3267]",QuickOpen marks most recently used editor by default,"The QuickOpen functionality is great since it first shows the currently open editors, and if we write a search string it continues to look for files which are not open as well. But would it be possible to make it mark the most recently used editor by default, so that calling quickOpen and then pressing enter directly takes us to the last used editor?",question,feature
2026-03-07 05:05:01,"[145, 157, 451, 554, 656, 664, 1026, 1092, 1277, 1500, 1558, 1780, 2043, 2340, 2413, 3103, 3171, 3173, 3198, 3267]",shortcut to close the search / edit views,"I got that Ctrl+Shift+E opens the (E)xplore and that Ctrl+Shift+F opens the (F)ind views - which is great.
What is the shortcut to close them?
small screen... I don't want them open when I'm not looking - and now I have to reach for the mouse for it...",question,feature
2026-03-07 05:05:01,"[145, 157, 451, 554, 656, 664, 1026, 1092, 1277, 1500, 1558, 1780, 2043, 2340, 2413, 3103, 3171, 3173, 3198, 3267]","VSCode setup consultants, need professional help","Hi everyone,
With every new release, dozens of new configuration options are added to VSCode, as well as new extensions being released on a regular basis. It is now really hard to even try to stay on top of it, without knowing if this or that feature could potentially lead to a productivity boost.
In larger repos/workspaces with complex configurations, it is becoming a productivity cost to not configure everything well, while leaving some space for individuals to customise VSCode to their own specific flavour. So I'm wondering if anyone has thought of, or is providing, consulting services to help teams get to the ideal configuration?
Getting 1-10% extra productivity from each developer because your IntelliSense always displays the right suggestions is a simple yet very rewarding idea, with real value, and we'd thereforce be willing to pay someone to help us get it right. For example, I guess that IntelliSense gives us proper recommendation 60-80% of the time as of now.
I'm sure there are other things we don't know, like hidden gems in the extensions marketplace that could help us too.
I know this is not the perfect place, but maybe other people have thoughts to share on this, and someone with the right experience could suddenly think about giving this a go :)",question,feature
2026-03-07 05:05:01,"[145, 157, 451, 554, 656, 664, 1026, 1092, 1277, 1500, 1558, 1780, 2043, 2340, 2413, 3103, 3171, 3173, 3198, 3267]",VSCode Insiders: Command Line Extension Management doesn't work,"- VSCode Version: Code - Insiders 1.11.0-insider (207686d256dafb78b247357ad8b96a95218a22a5, 2017-03-17T08:14:15.805Z)
- OS Version: Windows_NT ia32 6.1.7601
- Extensions:
|Extension|Author|Version|
|language-x86-64-assembly|13xforever|2.2.9|;
1.  Open cmd in the Insiders directory ""C:\Program Files (x86)\Microsoft VS Code Insiders""
2.  Type `""Code - Insiders.exe"" --list-extensions`. This doesn't list any extension, but starts VSCode Insiders.
3. Typing `code --list-extensions` in the same command prompt produces a list of installed extensions in release version of VSCode.
3. Typing `""Code - Insiders.exe"" --install-extension ms-vscode.cpptools` just started VSCode Insiders and doesn't install the extension.
4. After installing ms-vscode.cpptools inside VSCode Insiders, typing `""Code - Insiders.exe"" --uninstall-extension ms-vscode.cpptools` just starts VSCode Insider and doesn't uninstall the extension.",question,bug
2026-03-07 05:05:01,"[145, 157, 451, 554, 656, 664, 1026, 1092, 1277, 1500, 1558, 1780, 2043, 2340, 2413, 3103, 3171, 3173, 3198, 3267]",npm start and ng serve command,"i am woring NodeJs and angular project with vs code and when i am tunning ng serve or npm start command taking too much time and when i am tring to open any project in vs code then taking too much memory and CPU use aprox 80% also. could anyonce help me to solve this.
Ajeet Mishra",question,bug
2026-03-07 05:05:02,"[145, 157, 451, 554, 656, 664, 1026, 1092, 1277, 1500, 1558, 1780, 2043, 2340, 2413, 3103, 3171, 3173, 3198, 3267]",at the response of the comand 1s when executed cmmand is not recofnized when following prompt and speling exactly.,"ADD ISSUE DESCRIPTION HERE
Version: 1.63.2
Commit: 899d46d82c4c95423fb7e10e68eba52050e30ba3
User Agent: Mozilla/5.0 (Windows NT 10.0; Win64; x64) AppleWebKit/537.36 (KHTML, like Gecko) Chrome/88.0.4324.150 Safari/537.36
Embedder: codespaces",question,bug
2026-03-07 05:05:03,"[145, 157, 451, 554, 656, 664, 1026, 1092, 1277, 1500, 1558, 1780, 2043, 2340, 2413, 3103, 3171, 3173, 3198, 3267]",How to open 'Developer powershell for VS 2022' in VSCode's integrated terminal?,"When I write C++ code in VSCode, and compile it using cl in powershell, it always gets some errors, but when I compile it in Developer Powershell for VS 2022, it always succeed. So I wonder how can I open Developer Powershell for VS 2022 in VSCode's integrated termninal?",question,feature
2026-03-07 05:05:03,"[145, 157, 451, 554, 656, 664, 1026, 1092, 1277, 1500, 1558, 1780, 2043, 2340, 2413, 3103, 3171, 3173, 3198, 3267]",Allow user-configurable indent in Explorer to indicate nesting in directories,"I would like to be able to control the amount of indent in Explorer to indicate directory nesting. The indent is too small for me and makes it hard to distinguish the indent.
![Screenshot from 2020-04-14 12-06-08](https://user-images.githubusercontent.com/53194155/79253188-65ddc800-7e48-11ea-8b9e-c020021d761f.png)
I cannot quickly determine what is nested in the above example. Ideally, I would be able to control the constant used to provide the indent via settings.",question,feature
2026-03-07 05:05:03,"[145, 157, 451, 554, 656, 664, 1026, 1092, 1277, 1500, 1558, 1780, 2043, 2340, 2413, 3103, 3171, 3173, 3198, 3267]",Cursor kann nicht von fett nach normal gewechselt werden,"Ich arbeite mit Mac Vscode zum anpassen meiner daten in Marlin nun habe ich das Problem das ch keine Zeile ändern kann da der curser fett blinkt und nicht zum normalen wechselt
VS Code version: Code 1.60.2 (Universal) (7f6ab5485bbc008386c4386d08766667e155244e, 2021-09-22T11:59:27.195Z)
OS version: Darwin x64 20.6.0
Restricted Mode: No
<details>
<summary>System Info</summary>
|Item|Value|
|CPUs|Intel(R) Core(TM) i7-4770HQ CPU @ 2.20GHz (8 x 2200)|
|GPU Status|2d_canvas: enabled<br>gpu_compositing: enabled<br>metal: disabled_off<br>multiple_raster_threads: enabled_on<br>oop_rasterization: enabled<br>opengl: enabled_on<br>rasterization: enabled<br>skia_renderer: disabled_off_ok<br>video_decode: enabled<br>webgl: enabled<br>webgl2: enabled|
|Load (avg)|2, 2, 3|
|Memory (System)|16.00GB (6.34GB free)|
|Process Argv|--crash-reporter-id 92e352fa-c98b-40ab-ad02-5a44f6e7b4df|
|Screen Reader|no|
|VM|0%|
</details><details><summary>Extensions (14)</summary>
Extension|Author (truncated)|Version
include-autocomplete|ajs|0.0.4
code-gnu-global|aus|0.2.2
c-cpp-compile-run|dan|1.0.14
CppSnippets|har|0.0.15
ccpp-extension-pack|Leo|1.1.0
auto-build|mar|2.1.34
vscode-clang|mit|0.2.4
vscode-language-pack-de|MS-|1.60.4
cmake-tools|ms-|1.8.1
cpptools|ms-|1.6.0
cpptools-extension-pack|ms-|1.0.0
platformio-ide|pla|2.3.3
cmake|twx|0.0.17
vim|vsc|1.21.8
(1 theme extensions excluded)
</details><details>
<summary>A/B Experiments</summary>
```
vsliv368:30146709
vsreu685:30147344
python383:30185418
pythonvspyt602:30300191
vspor879:30202332
vspor708:30202333
vspor363:30204092
pythonvspyt639:30300192
pythontb:30283811
pythonvspyt551cf:30345471
pythonptprofiler:30281270
vshan820:30294714
vstes263:30335439
pythondataviewer:30285071
pythonvsuse255:30340121
vscod805:30301674
pythonvspyt200:30340761
binariesv615:30325510
vsccppwtct:30364498
pythonvssor306:30344512
bridge0708:30335490
pygetstartedt2:30371810
dockerwalkthrucf:30370837
bridge0723:30353136
pythonrunftest32:30373476
pythonf5test824:30373475
javagetstartedc:30364665
pythonvspyt187:30373474
pydsgst2:30361792
vsqsis200:30374795
vsaa593cf:30376535

```
</details>",question,bug
2026-03-07 05:05:05,"[145, 157, 451, 554, 656, 664, 1026, 1092, 1277, 1500, 1558, 1780, 2043, 2340, 2413, 3103, 3171, 3173, 3198, 3267]","npm, node, npx commands are showing ""the system cannot find the path specified""","npm, node, npx commands are showing ""the system cannot find the path specified""
VS Code version: Code 1.54.3 (2b9aebd5354a3629c3aba0a5f5df49f43d6689f8, 2021-03-15T10:55:45.459Z)
OS version: Windows_NT x64 10.0.19042
<details>
<summary>System Info</summary>
|Item|Value|
|CPUs|Intel(R) Core(TM) i3-10110U CPU @ 2.10GHz (4 x 2592)|
|GPU Status|2d_canvas: enabled<br>gpu_compositing: enabled<br>multiple_raster_threads: enabled_on<br>oop_rasterization: enabled<br>opengl: enabled_on<br>protected_video_decode: enabled<br>rasterization: enabled<br>skia_renderer: enabled_on<br>video_decode: enabled<br>vulkan: disabled_off<br>webgl: enabled<br>webgl2: enabled|
|Load (avg)|undefined|
|Memory (System)|7.84GB (2.48GB free)|
|Process Argv|--crash-reporter-id 47399b17-2ffe-4675-94d0-1088ce1f671f|
|Screen Reader|no|
|VM|0%|
</details><details><summary>Extensions (13)</summary>
Extension|Author (truncated)|Version
bracket-pair-colorizer|Coe|1.0.61
es7-react-js-snippets|dsz|3.1.1
vscode-npm-script|eg2|0.3.18
vsc-material-theme|Equ|33.2.2
vsc-material-theme-icons|equ|2.0.10
prettier-vscode|esb|6.3.1
auto-rename-tag|for|0.1.6
code-runner|for|0.11.3
vscode-styled-components|jpo|1.5.0
vscode-language-babel|mgm|0.0.30
color-highlight|nau|2.3.0
material-icon-theme|PKi|4.6.0
vscode-css-peek|pra|4.1.3
(2 theme extensions excluded)
</details><details>
<summary>A/B Experiments</summary>
```
vsliv368cf:30146710
vsreu685:30147344
python383:30185418
vspor879:30202332
vspor708:30202333
vspor363:30204092
vstry914:30276682
pythonvsdeb440:30248342
pythonvsded773:30248341
pythonvspyt875:30259475
pythonvsnew554cf:30281909
pythontb:30265425
openwsldoc:30282072
vscoresta800:30279781
vspre833:30267464
pythonptprofiler:30281270
vshan820cf:30276953

```
</details>",question,bug
2026-03-07 05:05:05,"[145, 157, 451, 554, 656, 664, 1026, 1092, 1277, 1500, 1558, 1780, 2043, 2340, 2413, 3103, 3171, 3173, 3198, 3267]","How can I check a ""IP Addr"" is working or not, any VSCode AIP or sample can be used.","- VSCode Version:1.48.0
- OS Version:Win10
Dear team:
I have developed a VS Code GUI as the attached .jpg file.
On the GUI user is required to input a IP address. And I planned to check whether the IP is OK.
I have tried:
call createTerminal() API can execute 'ping 10.21.33.243' on the teminal. But I can not get the 'ping result' from the teminal.
How can I check a ""IP Addr"" is working or not, any VSCode AIP or sample can be used.
Thank [u.](https://i.stack.imgur.com/Sso6H.jpg)",question,bug
2026-03-07 05:05:05,"[145, 157, 451, 554, 656, 664, 1026, 1092, 1277, 1500, 1558, 1780, 2043, 2340, 2413, 3103, 3171, 3173, 3198, 3267]",Have a setting to prevent auto trim whitespace on cursor line,"Add an option to **prevent** **auto trim** whitespace from acting on the **cursor line**.
It is very annoying when I change focus in the middle of typing something and switch back and see my inserted space behind the cursor is gone and I have to hit space again.
hint: _Atom_ has this feature.",feature,feature
2026-03-07 05:05:06,"[145, 157, 451, 554, 656, 664, 1026, 1092, 1277, 1500, 1558, 1780, 2043, 2340, 2413, 3103, 3171, 3173, 3198, 3267]",tab size not working,"Tab size not working. Tab size is set to 2 spaces, but still be formatted in 4 spaces.
VS Code version: Code 1.52.1 (ea3859d4ba2f3e577a159bc91e3074c5d85c0523, 2020-12-16T16:32:10.090Z)
OS version: Linux x64 5.4.0-64-generic
<details>
<summary>System Info</summary>
|Item|Value|
|CPUs|Intel(R) Core(TM) i5-2430M CPU @ 2.40GHz (4 x 1770)|
|GPU Status|2d_canvas: enabled<br>flash_3d: enabled<br>flash_stage3d: enabled<br>flash_stage3d_baseline: enabled<br>gpu_compositing: enabled<br>multiple_raster_threads: enabled_on<br>oop_rasterization: disabled_off<br>opengl: enabled_on<br>protected_video_decode: unavailable_off<br>rasterization: disabled_software<br>skia_renderer: enabled_on<br>video_decode: unavailable_off<br>vulkan: disabled_off<br>webgl: enabled<br>webgl2: enabled|
|Load (avg)|1, 1, 1|
|Memory (System)|7.66GB (1.45GB free)|
|Process Argv|--no-sandbox --unity-launch --crash-reporter-id 9cc3893b-361e-4ca7-8513-c98a43defcee|
|Screen Reader|no|
|VM|0%|
|DESKTOP_SESSION|unity|
|XDG_CURRENT_DESKTOP|Unity|
|XDG_SESSION_DESKTOP|unity|
|XDG_SESSION_TYPE|x11|
</details><details><summary>Extensions (11)</summary>
Extension|Author (truncated)|Version
vscode-markdownlint|Dav|0.39.0
prettier-vscode|esb|5.8.0
nunjucks-template|ese|0.3.4
vscode-medium-to-markdown|mos|0.2.0
vscode-docker|ms-|1.10.0
remote-containers|ms-|0.155.1
cmake-tools|ms-|1.6.0
cpptools|ms-|1.2.2
prisma|Pri|2.19.0
markdown-preview-enhanced|shd|0.5.17
cmake|twx|0.0.17
</details><details>
<summary>A/B Experiments</summary>
```
vsliv368cf:30146710
vsreu685:30147344
python383cf:30185419
vspor879:30202332
vspor708:30202333
vspor363:30204092
vstry914:30276682
pythonvsdeb440:30248342
pythonvsded773:30248341
pythonvspyt875:30259475
pythontbcf:30265426
openwsldoc:30280162
vspre833cf:30267465
pythonptprofiler:30281270
vshan820:30276952

```
</details>",question,bug
2026-03-07 05:05:06,"[145, 157, 451, 554, 656, 664, 1026, 1092, 1277, 1500, 1558, 1780, 2043, 2340, 2413, 3103, 3171, 3173, 3198, 3267]",Find action name by its keyboard shortcut,"I just pressed Ctrl-E by accident and want to know what it's doing. I can't find it in the menus. I'd like to be able to know what a keyboard shortcut does by pressing it in a similar context to that input thing for when you set one.
VS Code version: Code 1.63.2 (899d46d82c4c95423fb7e10e68eba52050e30ba3, 2021-12-15T09:40:02.816Z)
OS version: Windows_NT x64 10.0.22000
Restricted Mode: No",question,feature
2026-03-07 05:05:06,"[145, 157, 451, 554, 656, 664, 1026, 1092, 1277, 1500, 1558, 1780, 2043, 2340, 2413, 3103, 3171, 3173, 3198, 3267]",add support for file:///-links,When detecting links we should also support the `file` schema,feature,feature
2026-03-07 05:05:07,"[145, 157, 451, 554, 656, 664, 1026, 1092, 1277, 1500, 1558, 1780, 2043, 2340, 2413, 3103, 3171, 3173, 3198, 3267]",i have install nodejs and when i was trying to create an react project i was getting this error,"I have installed nodejs and i was trying to create an react app by using this command npx create-react-app appname
but i am getting an error which,goes like this
Creating a new React app in C:\Users\ACER\desktop\reactCourse\my-app.
Installing packages. This might take a couple of minutes.
Installing react, react-dom, and react-scripts with cra-template...
Aborting installation.
Unexpected error. Please report it as a bug:
Error: spawn UNKNOWN
at ChildProcess.spawn (node:internal/child_process:413:11)
at Object.spawn (node:child_process:692:9)
at spawn (C:\Users\ACER\AppData\Local\npm-cache\_npx\c67e74de0542c87c\node_modules\cross-spawn\index.js:12:24)
at C:\Users\ACER\AppData\Local\npm-cache\_npx\c67e74de0542c87c\node_modules\create-react-app\createReactApp.js:383:19
at new Promise (<anonymous>)
at install (C:\Users\ACER\AppData\Local\npm-cache\_npx\c67e74de0542c87c\node_modules\create-react-app\createReactApp.js:334:10)
at C:\Users\ACER\AppData\Local\npm-cache\_npx\c67e74de0542c87c\node_modules\create-react-app\createReactApp.js:461:16
at process.processTicksAndRejections (node:internal/process/task_queues:95:5) {
errno: -4094,
code: 'UNKNOWN',
syscall: 'spawn'
Deleting generated file... package.json
Deleting my-app/ from C:\Users\ACER\desktop\reactCourse
Done.",question,bug
2026-03-07 05:05:07,"[145, 157, 451, 554, 656, 664, 1026, 1092, 1277, 1500, 1558, 1780, 2043, 2340, 2413, 3103, 3171, 3173, 3198, 3267]",文件夹,"不能打开多个文件夹，只能由一个travel里区扩展文件夹，但是不能有多个文件夹
![o lubx 8qg _kyurxl msa](https://user-images.githubusercontent.com/40893403/45251305-6530a600-b376-11e8-9d15-4a9b44ac7e32.png)
VS Code version: Code 1.27.1 (5944e81f3c46a3938a82c701f96d7a59b074cfdc, 2018-09-06T09:21:18.328Z)
OS version: Windows_NT x64 10.0.17134
![Uploading O@LUBX$8QG)_KYURXL%%MSA.png…]()",question,bug
2026-03-07 05:05:08,"[145, 157, 451, 554, 656, 664, 1026, 1092, 1277, 1500, 1558, 1780, 2043, 2340, 2413, 3103, 3171, 3173, 3198, 3267]",Enable specifying installation directories in npm.sh,"Hello,
Currently you are unable to specify installation paths for node modules used by Code via `scripts/npm.sh`, only the architecture. This is an issue for package management systems on Linux where specific packages may ""own"" a set of files or directories, and thus produces conflicts on the system when multiple packages attempt to own the same set of files.
I'm proposing the following options be added to `npm.sh`:
`--installdir=DIR`: This would enable you to specify a general installation directory:
- Beneficial for build systems that use isolated install directories (where the contents of it are then considered the contents of a binary package) away from the build directories.
`--node-modules=DIR`: This would enable you to specify **the root** of where you want node modules to be installed.
- Resolves potential file conflicts for packages and pollution of global node_modules.
Examples:
`--installdir=/var/ypkg-root/install/vscode/`: This would be the root of the file system. Installation of binaries such as those placed in `/usr/bin` would begin with the installdir, so it is conceivable that the directory would for the binaries would then be `/var/ypkg-root/install/vscode/usr/bin`.
- Note: This would only be on the isolated build system, the final contents installed on the user's system would still be /usr/bin, this would just specify where to install things on build-time.
- Defaults to `/`
- Sets something like $installdir (used below).
`--node-modules=$installdir/usr/share/vscode/`: This would install node modules to a `node_module` folder in `/usr/share/vscode`. This keeps it isolated from any `npm` or `nodejs` system packages and files. Atom does something similar, with installing things to (_for example_) `/usr/share/atom/resources/...`
Thoughts?",feature,feature
2026-03-07 05:05:08,"[145, 157, 451, 554, 656, 664, 1026, 1092, 1277, 1500, 1558, 1780, 2043, 2340, 2413, 3103, 3171, 3173, 3198, 3267]",VSCode crashes when breaking from a PoSH window used to launch it.,"- VSCode Version: 1.12.2
- OS Version: Windows 10 (10.0.14393)
1. Launch Admin PowerShell
2. set-alias vscode ""C:\Program Files (x86)\Microsoft VS Code\Code.exe""
3. vscode
4. Run any PowerShell in the original PowerShell Window
5. Ctrl+C to break out
6. VSCode crashes.",question,bug
2026-03-07 05:05:09,"[145, 157, 451, 554, 656, 664, 1026, 1092, 1277, 1500, 1558, 1780, 2043, 2340, 2413, 3103, 3171, 3173, 3198, 3267]",Serena Dimensions CM,"- VSCode Version: 1.13
- OS Version: Windows 7
Hi, this is an extension request.
Is possible to have an extensions for [Serena Dimensions CM](http://www.serena.com/index.php?cID=2673)?",question,feature
2026-03-07 05:05:09,"[145, 157, 451, 554, 656, 664, 1026, 1092, 1277, 1500, 1558, 1780, 2043, 2340, 2413, 3103, 3171, 3173, 3198, 3267]",Git integration doesn't work if the open folder in a sub-folder of a git repository,"Ubuntu 12.04, vscode 0.10.1
The main reason I want this is to get around slow go to file indexing https://github.com/Microsoft/vscode/issues/55 by opening a sub-directory in Chromium so that indexing it doesn't take very long. Traversing the file path upwards to the root directory should be a fairly quick to perform action.
**Repro:**
1. `mkdir -p foo/bar`
3. `cd foo`
4. `git init`
5. `Code bar`
6. Open git integration tab
**Expected:**
Git integration realises that `bar` is part of the repo
**Actual:**
Git integration disabled",feature,bug
2026-03-07 05:05:09,"[145, 157, 451, 554, 656, 664, 1026, 1092, 1277, 1500, 1558, 1780, 2043, 2340, 2413, 3103, 3171, 3173, 3198, 3267]",Spacing in JSON causes collapse element to function incorrect.,"- VSCode Version: Code 1.13.1 (379d2efb5539b09112c793d3d9a413017d736f89, 2017-06-14T18:21:47.485Z)
- OS Version: Windows_NT ia32 10.0.14393
- Extensions:  (Disabled all)
|Extension|Author|Version|
|swagger-viewer|Arjun|1.4.0|
|prettify-json|mohsen1|0.0.3|
|autorest|ms-vscode|0.12.3|
|csharp|ms-vscode|1.10.0|
|PowerShell|ms-vscode|1.4.1|;
1.  Open up the swagger file located on [here](https://github.com/Azure/azure-rest-api-specs/blob/master/arm-storage/2015-06-15/swagger/storage.json).
2.  On line 240 you should see """"/subscriptions/{subscriptionId}/providers/Microsoft.Storage/storageAccounts"": {""
3. Click the [-] on line 240 to collapse.
4.  Does not collapse element correctly. (collapses remaining document)
5.  Modify spacing on line 240 so that the string matches the indentation on line 76
6. Click the [-] on line 240 to collapse.
7.  Collapses element correctly",bug,bug
2026-03-07 05:05:10,"[145, 157, 451, 554, 656, 664, 1026, 1092, 1277, 1500, 1558, 1780, 2043, 2340, 2413, 3103, 3171, 3173, 3198, 3267]",Option to choose which browser VS Code uses instead of relying on OS default,"Add the option to choose which browser VS Code uses as its ""default browser"" rather than relying on the OS default. I use Brave for general day to day and have that set as my OS default, but want all actions from VS Code to open in Chrome (open connected default Salesforce Org etc.).
At present I have to toggle the OS default in System Preferences or manually copy / paster the link from Brave to Chrome every time VS Code opens a browser tab.",feature,feature
2026-03-07 05:05:10,"[145, 157, 451, 554, 656, 664, 1026, 1092, 1277, 1500, 1558, 1780, 2043, 2340, 2413, 3103, 3171, 3173, 3198, 3267]",Shortcuts for switching to the nth view in activity bar or panel,"Today we can use Alt+1 to switch to the first file in the current editor and Alt+2 to switch to the second one. Is it possible to add shortcuts/commands to enable similar behavior for switching views in activity bar or panel?
E.g. press Ctrl+Shift+1 to switch to the first view in activity bar (file explore if you never reordered). Press Alt+Shift+1 to switch to the first view in panel (problem panel).",question,feature
2026-03-07 05:05:10,"[145, 157, 451, 554, 656, 664, 1026, 1092, 1277, 1500, 1558, 1780, 2043, 2340, 2413, 3103, 3171, 3173, 3198, 3267]",Regex does not support `\K`,"In a regex search, `\K`  will prevent the previously matched text from being in the overall match. See
> To overcome the limitations of lookbehind, Perl 5.10, PCRE 7.2, Ruby 2.0, and Boost 1.42 introduce a new feature that can be used instead of lookbehind for its most common purpose. \K keeps the text matched so far out of the overall regex match.
from https://www.regular-expressions.info/keep.html
It appears that `\K` is supported in pcre2, so shouldn't this work in vscode?  For example, if I wish to find every 9th line in a file, this regex should work:
`(?:.*\n){8}\K(.*\n)`  See [https://regex101.com/r/IjbZTP/1](url) with pcre option selected.  Then I could select all find matches or set cursors at all without the full match text being included in the find match - as it is if you use `(?:.*\n){8}(.*\n)` .  So I want to keep all that matched text out of the find match except line 9 for example.  But `\K` does not appear to be supported in vscode.
Version: 1.41.1 (user setup)
Commit: 26076a4de974ead31f97692a0d32f90d735645c0
Date: 2019-12-18T14:58:56.166Z
Electron: 6.1.5
Chrome: 76.0.3809.146
Node.js: 12.4.0
V8: 7.6.303.31-electron.0
OS: Windows_NT x64 10.0.19536",question,bug
2026-03-07 05:05:11,"[145, 157, 451, 554, 656, 664, 1026, 1092, 1277, 1500, 1558, 1780, 2043, 2340, 2413, 3103, 3171, 3173, 3198, 3267]",zen mode multi file horizontal split,"When using zen mode with multiple tabs oopen in a horizontal spllit only. The editor window is not centred as in when only one editor window is open.
VS Code version: Code 1.59.1 (3866c3553be8b268c8a7f8c0482c0c0177aa8bfa, 2021-08-19T11:56:46.957Z)
OS version: Windows_NT x64 10.0.19043
Restricted Mode: No
<details>
<summary>System Info</summary>
|Item|Value|
|CPUs|Intel(R) Core(TM) i5-4200U CPU @ 1.60GHz (4 x 2295)|
|GPU Status|2d_canvas: enabled<br>gpu_compositing: enabled<br>multiple_raster_threads: enabled_on<br>oop_rasterization: enabled<br>opengl: enabled_on<br>rasterization: enabled<br>skia_renderer: enabled_on<br>video_decode: enabled<br>vulkan: disabled_off<br>webgl: enabled<br>webgl2: enabled|
|Load (avg)|undefined|
|Memory (System)|7.92GB (2.75GB free)|
|Process Argv|--crash-reporter-id 5a996fa8-bb2c-404a-9b1c-4ff57fe4ae46|
|Screen Reader|no|
|VM|0%|
</details><details><summary>Extensions (21)</summary>
Extension|Author (truncated)|Version
blazor-snippet-pack|adr|2.6.1
csharp-to-typescript|adr|1.12.1
toggle-hidden|adr|1.0.2
project-manager|ale|12.3.0
vscode-markdownlint|Dav|0.43.2
quicktype-refresh|dog|0.1.1
prettier-vscode|esb|8.1.0
vscode-pull-request-github|Git|0.29.2
todo-tree|Gru|0.0.213
jbockle-format-files|jbo|3.4.0
vscode-markdown-notes|kor|0.0.24
csharpextensions|kre|1.4.2
azure-account|ms-|0.9.8
test-adapter-converter|ms-|0.1.2
vscode-paste-image|mus|1.0.4
docthis|oou|0.8.2
material-icon-theme|PKi|4.10.0
vscode-css-peek|pra|4.2.0
markdown-preview-enhanced|shd|0.6.0
thesaurus-vscode|the|1.0.0
markdown-all-in-one|yzh|3.4.0
(6 theme extensions excluded)
</details><details>
<summary>A/B Experiments</summary>
```
vsliv368cf:30146710
vsreu685:30147344
python383:30185418
pythonvspyt678:30270856
pythonvspyt602:30300191
vspor879:30202332
vspor708:30202333
vspor363:30204092
pythonvspyt639:30300192
pythontb:30283811
pythonvspyt551cf:30345471
pythonptprofiler:30281270
vshan820:30294714
vstes263cf:30335440
pythondataviewer:30285071
pythonvsuse255:30340121
vscod805:30301674
pythonvspyt200:30340761
vscextlang:30333561
binariesv615:30325510
vsccppwt:30329788
pythonvssor306:30344512
bridge0708:30335490
bridge0723:30353136
vsdyn478:30356813
vscus224cf:30358040
vssid140cf:30358037

```
</details>",feature,feature
2026-03-07 05:05:11,"[145, 157, 451, 554, 656, 664, 1026, 1092, 1277, 1500, 1558, 1780, 2043, 2340, 2413, 3103, 3171, 3173, 3198, 3267]",Clarify how to use previewHtml command within documents being previewed,"Testing #5747
Tried to follow the example given in https://github.com/Microsoft/vscode/issues/3676#issuecomment-209953630.
The only way I could get a link to be previewed correctly (when being followed from within the preview is the following (externalFileUri is a string):
`<a href=""command:vscode.previewHtml${encodeURIComponent(JSON.stringify(externalFileUri))}"">htmlPreview of the file on disk</a>`.
Same for virtual documents.
- VSCode Version: 1.1.0-alpha e77003fd6ca90d944feb572b54fc1d122d91d704
- OS Version: MacOS",bug,feature
2026-03-07 05:05:12,"[145, 157, 451, 554, 656, 664, 1026, 1092, 1277, 1500, 1558, 1780, 2043, 2340, 2413, 3103, 3171, 3173, 3198, 3267]",Disabling editor.suggest.filterGraceful does not work as intended.,"Option had been added here: https://github.com/Microsoft/vscode/issues/52789
My expectation is that unchecking this setting should force my autocomplete to not use fuzzy search when displaying suggestions.
Nothing seems to be different whether this is toggled on or off.",question,bug
2026-03-07 05:05:12,"[145, 157, 451, 554, 656, 664, 1026, 1092, 1277, 1500, 1558, 1780, 2043, 2340, 2413, 3103, 3171, 3173, 3198, 3267]",Unable to use emmet in HTML it shows no suggestion when I click  ctrl + space key,"Unable to use emmet in HTML it shows no suggestion when I click  ctrl + space key
https://user-images.githubusercontent.com/31631136/57165672-663aaa00-6e15-11e9-8e07-f7f58780ade7.png",question,bug
2026-03-07 05:05:13,"[145, 157, 451, 554, 656, 664, 1026, 1092, 1277, 1500, 1558, 1780, 2043, 2340, 2413, 3103, 3171, 3173, 3198, 3267]",tra,"hello can you help me about anstalling github
VS Code version: Code 1.85.1 (Universal) (0ee08df0cf4527e40edc9aa28f4b5bd38bbff2b2, 2023-12-13T09:48:06.308Z)
OS version: Darwin x64 23.2.0
Modes:
<details>
<summary>System Info</summary>
|Item|Value|
|CPUs|Intel(R) Core(TM) i5-8257U CPU @ 1.40GHz (8 x 1400)|
|GPU Status|2d_canvas: enabled<br>canvas_oop_rasterization: disabled_off<br>direct_rendering_display_compositor: disabled_off_ok<br>gpu_compositing: enabled<br>multiple_raster_threads: enabled_on<br>opengl: enabled_on<br>rasterization: enabled<br>raw_draw: disabled_off_ok<br>video_decode: enabled<br>video_encode: enabled<br>vulkan: disabled_off<br>webgl: enabled<br>webgl2: enabled<br>webgpu: enabled|
|Load (avg)|2, 3, 3|
|Memory (System)|8.00GB (0.01GB free)|
|Process Argv|--crash-reporter-id 1c3b86a4-babe-4ff1-afa9-a4c78330999d|
|Screen Reader|no|
|VM|0%|
</details><details><summary>Extensions (28)</summary>
Extension|Author (truncated)|Version
html-snippets|abu|0.2.1
macos-modern-theme|dav|2.3.19
vscode-html-css|ecm|2.0.6
prettier-vscode|esb|10.1.0
auto-close-tag|for|0.5.15
auto-rename-tag|for|0.1.10
code-runner|for|0.12.1
c-cpp-runner|fra|9.4.3
auto-run-command|gab|1.6.0
theme-monokai-pro-vscode|mon|1.2.2
vscode-docker|ms-|1.28.0
csdevkit|ms-|1.2.7
csharp|ms-|2.15.30
vscode-dotnet-runtime|ms-|2.0.0
vscode-edge-devtools|ms-|2.1.3
python|ms-|2023.22.1
remote-containers|ms-|0.327.0
cpptools|ms-|1.18.5
cpptools-extension-pack|ms-|1.3.0
material-icon-theme|PKi|4.33.0
LiveServer|rit|5.7.9
python|tht|0.2.3
vscode-pets|ton|1.25.1
c-cpp-flag-debugging|uts|0.0.1
vscode-lldb|vad|1.10.0
html-snippets|wsc|1.0.6
JavaScriptSnippets|xab|1.8.0
php-debug|xde|1.34.0
(1 theme extensions excluded)
</details><details>
<summary>A/B Experiments</summary>
```
vsliv368cf:30146710
vspor879:30202332
vspor708:30202333
vspor363:30204092
vswsl492:30256859
vscod805:30301674
binariesv615:30325510
vsaa593:30376534
py29gd2263:30899288
vsclangdc:30486549
c4g48928:30535728
azure-dev_surveyonecf:30548226
a9j8j154:30646983
0bi6i642:30933247
pythongtdpath:30769146
i26e3531:30792625
welcomedialog:30910333
pythonidxpt:30866567
pythonnoceb:30805159
asynctok:30898717
pythontestfixt:30902429
pythonregdiag2:30936856
pyreplss1:30897532
pythonmypyd1:30879173
pythoncet0:30885854
pythontbext0:30879054
dsvsc016:30899300
dsvsc017:30899301
dsvsc018:30899302

```
</details>",question,bug
2026-03-07 05:05:13,"[145, 157, 451, 554, 656, 664, 1026, 1092, 1277, 1500, 1558, 1780, 2043, 2340, 2413, 3103, 3171, 3173, 3198, 3267]",Open the window with default dual columns,"For now, VCS only supports one-column editing window and terminal window. If you need two columns, you need to manually click the column button to split the window.
![截屏2021-12-20 at 10 37 24](https://user-images.githubusercontent.com/16336682/146704300-b9b381c0-23dc-4cf1-b823-6c9b807b7bfb.png)
But I am accustomed to using dual columns. It is very inconvenient to manually split the editing window and terminal window every time.
I hope to add the function of opening the editing window and terminal window with default split window.
![截屏2021-12-20 at 10 36 57](https://user-images.githubusercontent.com/16336682/146704429-f0538f3d-af75-4ea9-8458-dd674d3ac7fd.png)
Nan",question,feature
2026-03-07 05:05:14,"[145, 157, 451, 554, 656, 664, 1026, 1092, 1277, 1500, 1558, 1780, 2043, 2340, 2413, 3103, 3171, 3173, 3198, 3267]",Support arguments when defining keybindings,"Allow to pass arguments to commands defined in keybindings.json.
/cc @alexandrudima not sure if you have an existing item for this already?",feature,feature
2026-03-07 05:05:14,"[145, 157, 451, 554, 656, 664, 1026, 1092, 1277, 1500, 1558, 1780, 2043, 2340, 2413, 3103, 3171, 3173, 3198, 3267]",Default to generic icon for extensions that do not have custom icons,"> This request comes from the Marketplace team.
Need to send additional json data as request body:
```
""assetTypes"":[""Microsoft.VisualStudio.Services.Icons.Default""]
```
And add additional flag `0x02` to the current flags(this means include files). This would return the icon file as part of response if it exists.
For example current body for call from VS code will change to:
```
{""assetTypes"":[""Microsoft.VisualStudio.Services.Icons.Default""], ""filters"":[{""criteria"":[{""filterType"":1,""value"":""vscode""}]}],""flags"":391}
```",feature,feature
2026-03-07 05:05:15,"[145, 157, 451, 554, 656, 664, 1026, 1092, 1277, 1500, 1558, 1780, 2043, 2340, 2413, 3103, 3171, 3173, 3198, 3267]",Click tab to input the method I am trying to type,"- VS Code Version: 1.85.1
- OS Version: windows 11 home
1. type console.log(Indexof)
2. and then try to add 'last' to 'IndexOf' without writing the full word only writing 'la'
3. then click tab so that the method that vs code is giving out pastes itself into the code and the problem is that it pastes the whole method not just the 'st' part of 'last' which is very annoying especially when you are in a rush",question,feature
2026-03-07 05:05:15,"[145, 157, 451, 554, 656, 664, 1026, 1092, 1277, 1500, 1558, 1780, 2043, 2340, 2413, 3103, 3171, 3173, 3198, 3267]","Make Ctrl+Right/Left aka cursorWordEndLeft/Right treat multiple spaces as a ""subword"".","Here is how Visual Studio does it, which I much prefer:
![visual studio](https://user-images.githubusercontent.com/11874914/28873293-55c981e4-778d-11e7-99dc-fdd8c6cdb7b2.gif)
And here is how it looks in VS Code:
![vs code](https://user-images.githubusercontent.com/11874914/28873295-57cf235e-778d-11e7-9440-07119902340a.gif)
Is there any possibility of changing this, so that if there is a huge blank space, it doesn't skip next word as well? but only the huge blank space? I often use it to set the cursor at the beginning of the next scope.",question,feature
2026-03-07 05:05:15,"[145, 157, 451, 554, 656, 664, 1026, 1092, 1277, 1500, 1558, 1780, 2043, 2340, 2413, 3103, 3171, 3173, 3198, 3267]",Gather metrics on Linux distribution,"It would be good to have some insight into what Linux distributions are using vscode. For example Ubuntu, Mint, CentOS, RHEL, etc.",feature,feature
2026-03-07 05:05:16,"[145, 157, 451, 554, 656, 664, 1026, 1092, 1277, 1500, 1558, 1780, 2043, 2340, 2413, 3103, 3171, 3173, 3198, 3267]",Favorite/Bookmark Project to pin it on top when start program,"1. Pin my fav. project
2. Open Recent -> Sort my fav project first
3. When program start, show my fav project",feature,feature
2026-03-07 05:05:16,"[145, 157, 451, 554, 656, 664, 1026, 1092, 1277, 1500, 1558, 1780, 2043, 2340, 2413, 3103, 3171, 3173, 3198, 3267]",Separate theme extensions and regular extensions,"In the installed extensions explorer, a subsection should be there to group the extensions those are purely for themes (and icons). That way user experience will improve while navigating lots of extensions which is normal for a typical vscode user.",question,feature
2026-03-07 05:05:17,"[145, 157, 451, 554, 656, 664, 1026, 1092, 1277, 1500, 1558, 1780, 2043, 2340, 2413, 3103, 3171, 3173, 3198, 3267]",Terminal isn't working .,"Terminal isn't working as it should . I've been trying to create NEXTjs app for about 2 days and terminal never installs the files .
same goes with the react Projects.
please help
VS Code version: Code 1.56.2 (054a9295330880ed74ceaedda236253b4f39a335, 2021-05-12T17:13:13.157Z)
OS version: Windows_NT x64 10.0.19042
<details>
<summary>System Info</summary>
|Item|Value|
|CPUs|AMD Ryzen 5 4600H with Radeon Graphics          (12 x 2994)|
|GPU Status|2d_canvas: enabled<br>gpu_compositing: enabled<br>multiple_raster_threads: enabled_on<br>oop_rasterization: enabled<br>opengl: enabled_on<br>rasterization: enabled<br>skia_renderer: enabled_on<br>video_decode: enabled<br>vulkan: disabled_off<br>webgl: enabled<br>webgl2: enabled|
|Load (avg)|undefined|
|Memory (System)|7.36GB (2.55GB free)|
|Process Argv|--crash-reporter-id 8337438d-153c-4b03-831b-170cd549263e|
|Screen Reader|no|
|VM|0%|
</details><details><summary>Extensions (6)</summary>
Extension|Author (truncated)|Version
es7-react-js-snippets|dsz|3.1.1
prettier-vscode|esb|6.4.0
python|ms-|2021.5.840043038
jupyter|ms-|2021.6.832593372
LiveServer|rit|5.6.1
ayu|tea|0.20.1
(1 theme extensions excluded)
</details><details>
<summary>A/B Experiments</summary>
```
vsliv368:30146709
vsreu685:30147344
python383cf:30185419
pythonvspyt700cf:30270857
pythonvspyt602:30300191
vspor879:30202332
vspor708:30202333
vspor363:30204092
pythonvspyt639:30300192
pythontb:30283811
vspre833cf:30267465
pythonptprofiler:30281270
vshan820:30294714
pythondataviewer:30285071
vscus158cf:30286554
vscgsv2ct:30301613
bridgeflightcf:30302070
vscod805cf:30301675

```
</details>",question,bug
2026-03-07 05:05:17,"[145, 157, 451, 554, 656, 664, 1026, 1092, 1277, 1500, 1558, 1780, 2043, 2340, 2413, 3103, 3171, 3173, 3198, 3267]",OSX Install shell command description is not specific on quality,"The command to install `code` in the $PATH on OSX always says `code` in the command palette but the message following says `code-insiders` or `code-alpha` if it is one of those builds. I was concerned about what it was going to do on the insiders and alpha builds, people may be wary of adding it if they're not sure whether it will install it as a new command.",bug,feature
2026-03-07 05:05:18,"[145, 157, 451, 554, 656, 664, 1026, 1092, 1277, 1500, 1558, 1780, 2043, 2340, 2413, 3103, 3171, 3173, 3198, 3267]",Stuck in tabstop after deleting snippet text,"Does this issue occur when all extensions are disabled?: Yes
- VS Code Version: 1.61.2
- OS Version: 10.15.7
1. In a custom snippets file add
```
	{
		""Snippet Test"": {
			""prefix"": ""snippet_test"",
			""body"": [""test($1)""]
		}
	}
     ```
2.  In a new file, type `snippet_test` and select the snippet.
3. Backspace to delete the whole line. Or Delete Line command (Ctrl/Cmd + Shift + K).
4. Try typing
5. You are now stuck in the Tabstop until you hit Tab, Esc, click etc.
While I'm stuck in the tabstop I don't get any more autocompletion results. Example trying to get the snippet completion again after deleting the line:
https://user-images.githubusercontent.com/6343165/138336079-7730e810-c1d5-4c2f-8e72-37fa6d38f0ac.mov
Note that you can replace the `$1` with `$0` in the snippet body to somewhat get around this issue.",question,bug
2026-03-07 05:05:18,"[145, 157, 451, 554, 656, 664, 1026, 1092, 1277, 1500, 1558, 1780, 2043, 2340, 2413, 3103, 3171, 3173, 3198, 3267]",vscode.window.showTextDocument loads file in editor but Thenable calls onrejected when loading multiple files,"In my extension FileGroup a user reported an issue: rioj7/fileGroup#6 where the files get loaded in editors but he gets error messages for each file with the text: `Error: Could NOT open editor for ""file:///d%3A/dir1/dir2/file.ext"".`
All files exist but still a `Could NOT open editor for ` error message is generated.
* If he wants to load 1 file the error message does not happen
* If he wants to load 2 files the error messages **sometimes does NOT** happen
* If he wants to load 3+ files the error messages (most likely) always happen
A slimmed down version of the `extention.js` (before the workaround) is:
```
const vscode = require('vscode');

function activate(context) {
  context.subscriptions.push(vscode.commands.registerCommand('fileGroup.openGroup', async (args) => {
    let column = vscode.ViewColumn.Active;
    let group = { files: [
      ""d:\\dir1\\dir2\file1.txt"",
      ""d:\\dir1\\dir2\file2.txt"",
    ]};
    const openFile = filePath => new Promise((resolve, reject) => {
      vscode.window.showTextDocument(vscode.Uri.file(filePath), { preview: false, viewColumn: column }).then( editor => { resolve(true); },
        error => { vscode.window.showErrorMessage(String(error)); reject(error); });
    });
    await Promise.all(group.files.map(openFile));
  }) );
};

function deactivate() {}

module.exports = {
  activate,
  deactivate
}
```
I have wrapped `vscode.window.showTextDocument` in a `Promise` because I do not expect that a `Thenable` will work with `Promise.all()`.
The question is why is the `onrejected` callback of `.then(onfulfilled, onrejeted)` called when the file is loaded in an editor. It only happens when multiple file load Promises are created and waited for. If the function `vscode.window.showTextDocument` performs correct the `.then()` should call the `onfulfilled` callback (no error message).
Can there be some ""race"" condition internally where multiple calls to `vscode.window.showTextDocument` manipulate some global data that is not guarded by some ""mutex""? Because with 2 files it sometimes happens.
The workaround is to replace
```
    await Promise.all(group.files.map(openFile));
```
with serial loading of the files
```
    for (const file of group.files) { await openFile(file).catch( () => {} ); }
```",question,bug
2026-03-07 05:05:19,"[145, 157, 451, 554, 656, 664, 1026, 1092, 1277, 1500, 1558, 1780, 2043, 2340, 2413, 3103, 3171, 3173, 3198, 3267]",Focus at dialogbox,"When I save protected file (f.e. hosts), its popup dialogbox about  insufficient permission. OK. And cursor still in editor window. But it would better if cursor at dialogbox to just press enter) Otherwize I have to annoy mouse/touchpad... and waste expensive time.
![image](https://user-images.githubusercontent.com/40394363/71446340-430d9380-2733-11ea-8e8b-6e33fe50fdb7.png)
VS Code version: Code 1.41.1 (26076a4de974ead31f97692a0d32f90d735645c0, 2019-12-18T14:58:56.166Z)
OS version: Windows_NT x64 10.0.18362",question,bug
2026-03-07 05:05:19,"[145, 157, 451, 554, 656, 664, 1026, 1092, 1277, 1500, 1558, 1780, 2043, 2340, 2413, 3103, 3171, 3173, 3198, 3267]",updateUserConfiguration: does not trigger for workspace changes,I noticed a new updateUserConfiguration telemetry event which does not seem to get triggered when workspace settings are changed. Imho it would be better to have 1 thing listening on changes to user and workspace settings and report the proper telemetry for it. This would also help for https://github.com/Microsoft/vscode/issues/13652,feature,feature
2026-03-07 05:05:20,"[145, 157, 451, 554, 656, 664, 1026, 1092, 1277, 1500, 1558, 1780, 2043, 2340, 2413, 3103, 3171, 3173, 3198, 3267]",File explorer that can be open in any window,"I was searching the issues and extensions and didn't succeed in finding something close.
Emacs has neat functionality that in normal window we can open a files explorer ([Dired](https://www.gnu.org/software/emacs/manual/html_node/emacs/Dired.html)) I find it very handy and more practical than explorer tree which can only be shown aside, which in turn takes valuable part of a screen most of the time
Short film showcasing how toggling between file explorer and typical file content view works in Emacs:
![2017-07-19 09 39 41](https://user-images.githubusercontent.com/122434/28356091-06f20162-6c67-11e7-9bc6-6b716254cf98.gif)
In VSCode it could just open typical file explorer with focus on file that were open in given window, then traversing the file explorer with keyboard and specified shortcuts should work, pressing enter on file should just open the file in same window.",feature,feature
2026-03-07 05:05:20,"[145, 157, 451, 554, 656, 664, 1026, 1092, 1277, 1500, 1558, 1780, 2043, 2340, 2413, 3103, 3171, 3173, 3198, 3267]",psuedo-element not working,"Issue Type: <b>Performance Issue</b>
I don't know why but my before and after pseudo elements doesn't work, I don't understand why...what am I doing wrong??
VS Code version: Code 1.65.1 (8908a9ca0f221f36507231afb39d2d8d1e182702, 2022-03-08T02:06:21.887Z)
OS version: Windows_NT ia32 10.0.19043
Restricted Mode: No",question,bug
2026-03-07 05:05:20,"[145, 157, 451, 554, 656, 664, 1026, 1092, 1277, 1500, 1558, 1780, 2043, 2340, 2413, 3103, 3171, 3173, 3198, 3267]",Adding a command bar,"is there a way to create command bar similar to ""Debug Console"", which is always visible in the bottom for running commands (Emacs/vi style)?",question,feature
2026-03-07 05:05:21,"[145, 157, 451, 554, 656, 664, 1026, 1092, 1277, 1500, 1558, 1780, 2043, 2340, 2413, 3103, 3171, 3173, 3198, 3267]",Implement a search field in the References list,"It would be nice to have a **search field** in the references list so that we can search some strings (normal search or regex) only in the list of references. Basically, implement the search function VSCode already has into the list of references too, so that we can look only in the file holding references of a function, component, type, etc...
At the moment only **Refresh**. **Collapse All** and **Clear** are the buttons available in the list.
For example, after clicking ""Find all references"" on a React component, a list with 100 files holding a reference would open, and with this new feature, I'll be able to find specific words (for example props names) only among these references file.",question,feature
2026-03-07 05:05:21,"[145, 157, 451, 554, 656, 664, 1026, 1092, 1277, 1500, 1558, 1780, 2043, 2340, 2413, 3103, 3171, 3173, 3198, 3267]",macOS Catalina Python Debugging -  Permission error with Subprocess call,"- VSCode Version: 1.48.1
- OS Version: Darwin 19.04.0
import subprocess
output = subprocess.call(['test.sh'])
Exception has occurred: PermissionError
[Errno 13] Permission denied: 'test.sh'",question,bug
2026-03-07 05:05:21,"[145, 157, 451, 554, 656, 664, 1026, 1092, 1277, 1500, 1558, 1780, 2043, 2340, 2413, 3103, 3171, 3173, 3198, 3267]","The format of block comments in JavaScript is wrong, which makes it impossible to use d.ts intelligent prompt","- 1.60.0
win10
Can I modify the template of comments? The current comment is / * XX * /, actually it should be / * * XX * /
Only the comment vscode of / * * XX * / can recognize and provide intelligent prompt
1. Open js file
2. Input a function
```js
function ddd() {}
```
3. Input comments and press ctrl+alt+/
```js
/* some commets */
function ddd() {}
```
4. Function ddd can't distinguish comments
5. However, the following comments are OK
```js
/** some commets */
function ddd() {}
```",question,bug
2026-03-07 05:05:22,"[145, 157, 451, 554, 656, 664, 1026, 1092, 1277, 1500, 1558, 1780, 2043, 2340, 2413, 3103, 3171, 3173, 3198, 3267]",Some feedback for SCM,"I understand it's beneficial for VSCode to abstract away SCM to allow multiple source control systems.
However, my initial reaction was that it's taken away some of the functionality I had with the Git module, which was awesome.
Is there a flag or something we can change to bring back Git? I miss are being able to undo my commit.",question,feature
2026-03-07 05:05:22,"[145, 157, 451, 554, 656, 664, 1026, 1092, 1277, 1500, 1558, 1780, 2043, 2340, 2413, 3103, 3171, 3173, 3198, 3267]",Make active/clickable tooltip typing elements,"![image](https://cloud.githubusercontent.com/assets/736697/17914179/5d8f0d82-69b9-11e6-9ffd-1345af54e8bd.png)
It would be cool if one could click on `vscode.DecorationRenderOptions` (that is on the screenshot) and see the description of this type/interface.",feature,feature
2026-03-07 05:05:22,"[145, 157, 451, 554, 656, 664, 1026, 1092, 1277, 1500, 1558, 1780, 2043, 2340, 2413, 3103, 3171, 3173, 3198, 3267]",Beta releases,Beta releases are ? Or Studio code will be steadily updated each month?,question,feature
2026-03-07 05:05:23,"[145, 157, 451, 554, 656, 664, 1026, 1092, 1277, 1500, 1558, 1780, 2043, 2340, 2413, 3103, 3171, 3173, 3198, 3267]",Tyepscript beta 2.0 - Error still shown for Experimental Decorators (even with flag true in tsconfig),"- VSCode Version: **1.3.1**
- OS Version: **Win7**
**1.** Typescript 2 beta installed & setup with `tsdk` in vscode settings.
![image](https://cloud.githubusercontent.com/assets/2574412/16962331/18aa3bee-4dbf-11e6-8f28-c1316f195089.png)
**2.** Experimental decorators flag set to `true`
![image](https://cloud.githubusercontent.com/assets/2574412/16962406/6f65e4ec-4dbf-11e6-9188-2ed283bd5673.png)
**3.** Use Decorator (Angular2 in this case) on a class, notice the error
```
import { Component } from '@angular/core';

@Component({ })
export class Home {
}
```
![image](https://cloud.githubusercontent.com/assets/2574412/16962365/374399d8-4dbf-11e6-9f26-befb8fd8e1b4.png)",question,bug
2026-03-07 05:05:23,"[145, 157, 451, 554, 656, 664, 1026, 1092, 1277, 1500, 1558, 1780, 2043, 2340, 2413, 3103, 3171, 3173, 3198, 3267]",Crash reporting: include crash details,"Would it be possible to add the actual details of the crash dump to the crash page so that we get an idea what kind of crashes are happening? I think it would be cool if we could:
* group crashes by crash details
* try to find similarities from the telemetry in terms of user interaction
I guess depending on the OS we would need different strategies to extract the actual error from the dump, but I think we do this already for the crash telemetry drashboard if I remember correctly.",feature,feature
2026-03-07 05:05:23,"[145, 157, 451, 554, 656, 664, 1026, 1092, 1277, 1500, 1558, 1780, 2043, 2340, 2413, 3103, 3171, 3173, 3198, 3267]",Multi-Cursor Editing Collides with Windows 10 Screen Rotation,"- VSCode Version: 1.9.1
- OS Version: Windows 10
Multi-Cursor Editing states that you can press Ctrl+Alt+UpArrow or Ctrl+Alt+DownArrow to add a new cursor above or below. HOWEVER, Windows Windows 10 Screen Rotation hotkey is also Ctrl+Alt+Up so when I try to follow the instructions in VS CODE, my whole windows screen flips
1. Press Ctrl+Alt+Up or Ctrl+Alt+Down in Windows 10. The screen will flip.
There may be ways to prevent this in Windows 10, but it sure is confusing if you have never seen this behavior before.",question,bug
2026-03-07 05:05:24,"[145, 157, 451, 554, 656, 664, 1026, 1092, 1277, 1500, 1558, 1780, 2043, 2340, 2413, 3103, 3171, 3173, 3198, 3267]",How to switch mru behaviour while doing tab switching ?,"Hi,
When I press ctrl + tab key to switch between tabs, a list shows on top, how to NOT get that list and simply switch to next tab using ctrl + tab or to previous tab using shift + ctrl + tab ?
This is configurable in notepad++ but it doesn't seems to be in vscode.
Any help ?",question,feature
2026-03-07 05:05:24,"[145, 157, 451, 554, 656, 664, 1026, 1092, 1277, 1500, 1558, 1780, 2043, 2340, 2413, 3103, 3171, 3173, 3198, 3267]",Marlin 2.0.3 for SKR V1.4 turbo build fails .,"We have written the needed data into your clipboard because it was to
Issue Type: <b>Performance Issue</b>
Please excuse me I'm new to this, and very frustrated. I'm try to build Marlin 2.0.3 for my SKR v1.4 turbo by bigtreetech. for my 3d printer. Everytime  I build 1 failed in red shows at the bottom. The error is in Configuration.h at
1362 -1363 ""Validate that endstops are triggered on homing moves
//#define -VALIDATE_HOMING_ENDSTOPS
I would really appreciate some help on fixing this.
VS Code version: Code 1.51.1 (e5a624b788d92b8d34d1392e4c4d9789406efe8f, 2020-11-10T23:34:32.027Z)
OS version: Windows_NT x64 10.0.18363
<details>
<summary>System Info</summary>
|Item|Value|
|CPUs|Intel(R) Core(TM) i5-6200U CPU @ 2.30GHz (4 x 2400)|
|GPU Status|2d_canvas: enabled<br>flash_3d: enabled<br>flash_stage3d: enabled<br>flash_stage3d_baseline: enabled<br>gpu_compositing: enabled<br>multiple_raster_threads: enabled_on<br>oop_rasterization: disabled_off<br>opengl: enabled_on<br>protected_video_decode: unavailable_off<br>rasterization: enabled<br>skia_renderer: disabled_off_ok<br>video_decode: enabled<br>vulkan: disabled_off<br>webgl: enabled<br>webgl2: enabled|
|Load (avg)|undefined|
|Memory (System)|11.88GB (7.35GB free)|
|Process Argv|--crash-reporter-id ed2e9a83-9fc5-4938-b8f1-bdeaa326f3b9|
|Screen Reader|no|
|VM|50%|
</details><details>
<summary>Process Info</summary>
```
CPU %	Mem MB	   PID	Process
    1	    77	 12484	code main
    0	    49	  2628	   window (undefined)
    0	    27	  2804	   utility
    0	    12	  3764	   crashpad-handler
    0	    63	  4140	   window (Issue Reporter)
    0	   203	  9520	   window (Configuration.h - Untitled (Workspace) - Visual Studio Code)
    0	    32	  3276	     watcherService
    0	   101	  5316	     extensionHost
    0	    28	   976	       ""C:\Program Files\Microsoft VS Code\Code.exe"" ""c:\Program Files\Microsoft VS Code\resources\app\extensions\json-language-features\server\dist\node\jsonServerMain"" --node-ipc --clientProcessId=5316
    0	    57	  1448	       c:\Users\edrmi\.vscode\extensions\ms-vscode.cpptools-1.1.1\bin\cpptools.exe
    0	    11	  1572	         console-window-host (Windows internal process)
    0	   107	 14080	         ""c:\Users\edrmi\.vscode\extensions\ms-vscode.cpptools-1.1.1/bin/cpptools-srv.exe"" 1448 0
    0	     3	 13900	       C:\Users\edrmi\.platformio\penv\Scripts\python.exe -m platformio -c vscode home --port 8010 --shutdown-timeout 3600 --no-open
    0	    11	  2852	         console-window-host (Windows internal process)
    0	    55	  3356	         C:\Users\edrmi\.platformio\python3\python.exe -m platformio -c vscode home --port 8010 --shutdown-timeout 3600 --no-open
    0	    64	  8252	     C:\WINDOWS\System32\WindowsPowerShell\v1.0\powershell.exe
    0	    30	  9476	     searchService
    0	     6	 13764	     console-window-host (Windows internal process)
    0	    77	 12116	   window (undefined)
    5	    66	 13132	   shared-process
    0	   216	 13208	   gpu-process
```
</details>
<details>
<summary>Workspace Info</summary>
```
|  Window (Configuration.h - Untitled (Workspace) - Visual Studio Code)
|    Folder (helloworld): 4 files
|      File types: json(2) cpp(1)
|      Conf files: launch.json(1) tasks.json(1)
|      Launch Configs: cppvsdbg
|    Folder (Marlin-2.0.3): 5685 files
|      File types: svg(1230) md5(870) map(869) h(807) cpp(555) html(474)
|                  js(240) c(140) png(29) py(26)
|      Conf files: github-actions(4) launch.json(1) settings.json(1)
|                  makefile(1)
|      Launch Configs: platformio-debug(2);
```
</details>
<details><summary>Extensions (7)</summary>
Extension|Author (truncated)|Version
code-gnu-global|aus|0.2.2
python|ms-|2020.11.358366026
jupyter|ms-|2020.11.358541065
cpptools|ms-|1.1.1
platformio-ide|pla|2.2.1
python|tht|0.2.3
json|Zai|2.0.2
</details>
o large to send. Please paste.",question,bug
2026-03-07 05:05:25,"[145, 157, 451, 554, 656, 664, 1026, 1092, 1277, 1500, 1558, 1780, 2043, 2340, 2413, 3103, 3171, 3173, 3198, 3267]","Is there, else can we have, a command for quick opening symbols sorted by category, i.e quickopen w/ `@:` as base search input ?","Vscode has a feature that lets you search all symbols in a file/workspace (`workbench.action.gotoSymbol`). it's super useful and I use it all the time. By default, it seems to sort results by name. Vscode exposes this command as `workbench.action.gotoSymbol` and it is bindable ofc.
Vscode also allows searching all symbols in a file/workspace and sorting the results by category: with QuickOpen and a base search input of `@:`. the only problem is I can't seem to find the corresponding command for it, or at least the one that is bindable to a key.
Would it be possible to add it ? (e.g. ` workbench.action.gotoSymbolByCategory` and `workbench.action.showAllSymbolsByCategory`)
Thank you.",question,feature
2026-03-07 05:05:25,"[145, 157, 451, 554, 656, 664, 1026, 1092, 1277, 1500, 1558, 1780, 2043, 2340, 2413, 3103, 3171, 3173, 3198, 3267]",Reset tab-state when file at original state,"Currently, when I open a file, do stuff and then undo it until its original state, the tab keeps its state to changed – and also ask me to save changes; although effectively none have been done which is quite confusing (eg. when just inserting a quick `console.log` and then undoing it).
It'd be nice if undoing would also reset the tab-state a file.",feature,feature
2026-03-07 05:05:26,"[145, 157, 451, 554, 656, 664, 1026, 1092, 1277, 1500, 1558, 1780, 2043, 2340, 2413, 3103, 3171, 3173, 3198, 3267]",Setting up the BASH config Settings.json after WSL2 installation,"Hi
I have installed WSL2 as I want to run Azure CLI Kung fu which requires BASH terminal.
```
`
 WSL --list
Windows Subsystem for Linux Distributions:
Ubuntu-20.04 (Default)
docker-desktop-data
docker-desktop
`
```
Next I want to set up my Bash Terminal ( not as default) so I can select it in the Terminal drop down. Is there a tidy way to configure this ?
At the moment my settings.json has  a couple of issues:
```

  ""terminal.integrated.shell.windows"": ""C:\\Windows\\System32\\WindowsPowerShell\\v1.0\\powershell.exe"",     <- I want to be able to switch between shells
    
""shellLauncher.shells.windows"": [{
        ""shell"": ""C:/Program Files/PowerShell/7/pwsh.exe"",
        ""label"": ""PowerShell 7 Core""
    },
    {
        ""shell"": ""C:/Windows/system32/WindowsPowerShell/v1.0/powershell.exe"",
        ""label"": ""Windows PowerShell 5.1""
    ,
    
  ""terminal.integrated.shell.linux"": ""C:/Windows/sysnative/bash.exe""       <--- this is incorrect



```
Any suggestions are welcome. Note, I haven't installed GIT Bash shell up to now as I normally run all my commands from a PS terminal.",question,feature
2026-03-07 05:05:26,"[145, 157, 451, 554, 656, 664, 1026, 1092, 1277, 1500, 1558, 1780, 2043, 2340, 2413, 3103, 3171, 3173, 3198, 3267]",Redesign Feedback Form dialog,"To resolve issue #2662 we're going to redesign the form to eliminate the input box. This makes sense because we are using twitter now.
@bgashler1 hoping to get your help on this.",feature,feature
2026-03-07 05:05:26,"[145, 157, 451, 554, 656, 664, 1026, 1092, 1277, 1500, 1558, 1780, 2043, 2340, 2413, 3103, 3171, 3173, 3198, 3267]",Trim the indents to the level of adjacent lines with,"For example, in this code:
```javascript
function fn () {
	
	const x = 1;
	
}
```
Setting `files.trimTrailingWhitespace` removes the tabs on the second and fourth lines.
It bothers me, and I wish it would work like this:
The second line should be left with a single tab, as well as the fourth line - the indentation on these lines should not be clear(reset to zero).
If the indentation on the second and fourth lines were double, it should be trim to one tab.
**Reason:** When the indent is clear, and I want to add something on an empty line, I have to manually add a tab to align the indent. It is cumbersome and inconvenient.",feature,feature
2026-03-07 05:05:27,"[145, 157, 451, 554, 656, 664, 1026, 1092, 1277, 1500, 1558, 1780, 2043, 2340, 2413, 3103, 3171, 3173, 3198, 3267]",5 problems  in settings.json,"I just open the console and I saw that error...
http://prntscr.com/pphz36
VS Code version: Code 1.39.2 (6ab598523be7a800d7f3eb4d92d7ab9a66069390, 2019-10-15T15:35:18.241Z)
OS version: Windows_NT x64 10.0.18362
<details>
<summary>System Info</summary>
|Item|Value|
|CPUs|Intel(R) Core(TM) i7-7700 CPU @ 3.60GHz (8 x 3600)|
|GPU Status|2d_canvas: enabled<br>flash_3d: enabled<br>flash_stage3d: enabled<br>flash_stage3d_baseline: enabled<br>gpu_compositing: enabled<br>multiple_raster_threads: enabled_on<br>native_gpu_memory_buffers: disabled_software<br>oop_rasterization: disabled_off<br>protected_video_decode: unavailable_off<br>rasterization: enabled<br>skia_deferred_display_list: disabled_off<br>skia_renderer: disabled_off<br>surface_synchronization: enabled_on<br>video_decode: enabled<br>viz_display_compositor: disabled_off<br>webgl: enabled<br>webgl2: enabled|
|Load (avg)|undefined|
|Memory (System)|15.96GB (10.45GB free)|
|Process Argv||
|Screen Reader|no|
|VM|0%|
</details><details><summary>Extensions (30)</summary>
Extension|Author (truncated)|Version
project-manager|ale|10.8.0
turbo-console-log|Cha|1.3.1
bracket-pair-colorizer-2|Coe|0.0.28
codealignment-vscode|cpm|2.0.19
vscode-faker|dee|1.3.0
vsc-material-theme|Equ|30.0.0
php-intellisense|fel|2.3.13
vscode-mysql|for|0.4.0
jsx-beautify|gog|0.0.5
beautify|Hoo|1.5.0
minify|Hoo|0.4.3
html-tag-wrapper|hwe|0.2.3
path-autocomplete|ion|1.13.3
mysql-syntax|jak|1.3.1
php-cs-fixer|jun|0.1.127
mirc|lol|0.0.1
vscode-apache|mrm|1.2.0
vscode-scss|mrm|0.6.2
vscode-language-pack-es|MS-|1.39.3
vs-keybindings|ms-|0.2.0
php-docblocker|nei|2.0.1
material-icon-theme|PKi|3.9.1
format-html-in-php|rif|1.6.1
LiveServer|rit|5.6.1
code-settings-sync|Sha|3.4.3
ayu|tea|0.18.0
open-in-browser|tec|2.0.0
vscode-icons|vsc|9.5.0
wordpress-toolbox|wor|1.3.5
html-css-class-completion|Zig|1.19.0
(1 theme extensions excluded)
</details>",question,bug
2026-03-07 05:05:27,"[145, 157, 451, 554, 656, 664, 1026, 1092, 1277, 1500, 1558, 1780, 2043, 2340, 2413, 3103, 3171, 3173, 3198, 3267]",Add the feature about saving file type,"As we know, the prolog file has same file extension with perl. `test.pl` may means prolog or perl file. When i try to open `test.pl` by vscode, the file will be identified as perl file. I installed prolog extension and change file type to prolog. But when i try to open it again, it still is identified as perl file, i need to change file type again.  So would you add this feature to save file type? Thanks!
The prolog extension:
https://marketplace.visualstudio.com/items?itemName=rebornix.prolog
Open it again will be identified as perl file.
![image](https://user-images.githubusercontent.com/21209416/55692420-62fcfb80-59da-11e9-85e6-ab8d679c8905.png)",question,feature
2026-03-07 05:05:28,"[145, 157, 451, 554, 656, 664, 1026, 1092, 1277, 1500, 1558, 1780, 2043, 2340, 2413, 3103, 3171, 3173, 3198, 3267]",Support an option to disable-direct-write,"- VSCode Version: 1.1.1
- OS Version: Windows 10
I'm passing the --disable-direct-write command-line option to VSCode to work around the blurry font issue on Windows. This works fine, but every time VSCode updates, the installer overwrites my changes to the VSCode start menu shortcut and registry setting. It would be great if I could put the --disable-direct-write option somewhere in my VSCode settings that doesn't get overwritten when a new update is installed.",feature,feature
2026-03-07 05:05:28,"[145, 157, 451, 554, 656, 664, 1026, 1092, 1277, 1500, 1558, 1780, 2043, 2340, 2413, 3103, 3171, 3173, 3198, 3267]",Improvements to Debug Console window,"There is no command to scroll up and down the debug console. As a result, it is impossible to do this via keyboard shortcuts. Furthermore, while focussed on the line with the prompt `>` in the debug console, also provide a command to toggle between this prompt and the various other input line related to the Debug console: Filter, Clear Console, Maximize Panel Size and Close Panel.",question,feature
2026-03-07 05:05:29,"[145, 157, 451, 554, 656, 664, 1026, 1092, 1277, 1500, 1558, 1780, 2043, 2340, 2413, 3103, 3171, 3173, 3198, 3267]",MacOS Touch bar function keys control system functions (eg brightness),"I have a macbook with touch bar and I've set up osx to always show the function keys in VSCode. So far this works but when I press a function key, eg F1, then instead of performing the VSCode action, it performs the underlying OSX action. For F1, it decreases brightness.
F1 is bound to opening the command palette normally.
When I hold FN, the touch bar changes to the system controls (eg brightness etc).
The only way I can execute a real F1 command is by shortly pressing the FN key and pressing F1. Then it opens the command palette.
VS Code version: Code 1.52.1 (ea3859d4ba2f3e577a159bc91e3074c5d85c0523, 2020-12-16T16:30:02.420Z)
OS version: Darwin x64 20.1.0
<details>
<summary>System Info</summary>
|Item|Value|
|CPUs|VirtualApple @ 2.50GHz processor (8 x 2400)|
|GPU Status|2d_canvas: enabled<br>flash_3d: enabled<br>flash_stage3d: enabled<br>flash_stage3d_baseline: enabled<br>gpu_compositing: enabled<br>metal: disabled_off<br>multiple_raster_threads: enabled_on<br>oop_rasterization: enabled<br>opengl: enabled_on<br>protected_video_decode: unavailable_off<br>rasterization: enabled<br>skia_renderer: disabled_off_ok<br>video_decode: enabled<br>webgl: enabled<br>webgl2: enabled|
|Load (avg)|1, 1, 1|
|Memory (System)|16.00GB (0.04GB free)|
|Process Argv|--crash-reporter-id 26559e62-57d4-421c-869c-bb6149edaa0c|
|Screen Reader|no|
|VM|0%|
</details><details><summary>Extensions (28)</summary>
Extension|Author (truncated)|Version
project-manager|ale|12.0.1
scratchpads|bue|0.0.7
vscode-svgviewer|css|2.0.0
vscode-eslint|dba|2.1.14
vscode-html2pug|dba|4.0.0
githistory|don|0.6.14
xml|Dot|2.5.1
vscode-npm-script|eg2|0.3.13
search-node-modules|jas|1.3.0
dotenv|mik|1.0.1
vscode-duplicate|mrm|1.2.1
vscode-puglint|mrm|2.3.0
python|ms-|2020.12.424452561
jupyter|ms-|2020.12.414227025
remote-containers|ms-|0.154.1
remote-ssh|ms-|0.62.0
remote-ssh-edit|ms-|0.62.0
remote-wsl|ms-|0.52.0
vscode-remote-extensionpack|ms-|0.20.0
vscode-typescript-tslint-plugin|ms-|1.3.2
debugger-for-chrome|msj|4.12.11
vetur|oct|0.31.3
vscode-jest|Ort|3.2.0
seti-icons|qin|0.1.3
vscode-scss-formatter|sib|2.0.5
vscode-surround|Swo|1.0.1
selectline-statusbar|tom|0.0.2
vscode-todo-highlight|way|1.0.4
</details>",question,bug
2026-03-07 05:05:29,"[145, 157, 451, 554, 656, 664, 1026, 1092, 1277, 1500, 1558, 1780, 2043, 2340, 2413, 3103, 3171, 3173, 3198, 3267]","files that are opened are getting "".git"" appended to their file names internally",".git is being appended to the names of files internally, when their filenames are accessed via the extension api.
because vscode insists on throwing file open and file close events `for tab switching` i have to compare the file that was closed to the list of files code is still keeping open, after a delay, so code asyncly has time to actually attempt to close it.
because code is appending this weird "".git"" to the end it is never finding the file.
```javascript
for(Iter = 0; Iter < vscode.workspace.textDocuments.length; Iter++) {
	AutoFoldTracker.PrintDebug(""file to check: "" + File.uri.fsPath);
	AutoFoldTracker.PrintDebug(""currently open: "" + vscode.workspace.textDocuments[Iter].uri.fsPath);

	if(vscode.workspace.textDocuments[Iter].uri.fsPath == File.uri.fsPath)
	return;
}
```
```
[AF] file to check: c:\Users\bob\Desktop\atlantis\routes\Blog.php.git
[AF] currently open: c:\Users\bob\Desktop\atlantis\routes\BlogPost.php

[AF] file to check: c:\Users\bob\Desktop\atlantis\routes\Blog.php.git
[AF] currently open: c:\Users\bob\Desktop\atlantis\routes\Blog.php <<-- this one...

[AF] file to check: c:\Users\bob\Desktop\atlantis\routes\Blog.php.git
[AF] currently open: c:\Users\bob\Desktop\atlantis\core\Atlantis\Element\PagePromo.php

[AF] file to check: c:\Users\bob\Desktop\atlantis\routes\Blog.php.git
[AF] currently open: c:\Users\bob\Desktop\atlantis\core\Atlantis\Element\PagePromo.php.git

[AF] file closed: c:\Users\bob\Desktop\atlantis\routes\Blog.php.git
```
how `File` became to be:
```javascript
	vscode.workspace.onDidCloseTextDocument(
		AutoFoldTracker.OnFileClose,
		null,
		context
	);
```
```javascript
	OnFileClose:
	function(File) {
	/*//
	@argv TextDocument
	@return Void
	when a file is closed, forget about it.
	//*/

		// ...
		
	}
```",question,bug
2026-03-07 05:05:30,"[145, 157, 451, 554, 656, 664, 1026, 1092, 1277, 1500, 1558, 1780, 2043, 2340, 2413, 3103, 3171, 3173, 3198, 3267]",Inlay hints do not show when using Workspace TypeScript version,"Does this issue occur when all extensions are disabled?: Yes
- VS Code Version: 1.82.2
- OS Version: macOS 13.5.2
1. Have a `.vscode/settings.json` with
```json
{
    ""typescript.tsdk"": ""node_modules/typescript/lib"",
}
```
2. Command Palette -> 'TypeScript: Select TypeScript Version'. Choose between workspace + default VS code version
When default TS version is selected (5.2.2):
<img width=""289"" alt=""image"" src=""https://github.com/microsoft/vscode/assets/146182459/3e180137-9c48-4546-b507-cfa4bae1bc16"">
When workspace TS is selected (4.0.8):
<img width=""265"" alt=""image"" src=""https://github.com/microsoft/vscode/assets/146182459/904e56bf-8373-4d66-8929-3b547c099194"">
However, TS definitely knows what type it is, since when I hover over, it displays the type correctly:
<img width=""258"" alt=""image"" src=""https://github.com/microsoft/vscode/assets/146182459/5857d8d9-8d95-48ed-aeea-a148ca8b46d3"">",question,bug
2026-03-07 05:05:30,"[145, 157, 451, 554, 656, 664, 1026, 1092, 1277, 1500, 1558, 1780, 2043, 2340, 2413, 3103, 3171, 3173, 3198, 3267]",Can we have editor.acceptSuggestion as list of keys?,"Instead of editor.acceptSuggestionOnEnter. I would like to have something like this
``` JSON
{
    ""editor.acceptSuggestion"" : [""Enter"" , ""Tab"" , ""Space"" ]
}
```
or maybe
``` JSON
{
    ""editor.acceptSuggestion"" : { ""Enter"" : true, ""Tab"" : false }
}
```
This can be used to inherit from default",question,feature
2026-03-07 05:05:30,"[145, 157, 451, 554, 656, 664, 1026, 1092, 1277, 1500, 1558, 1780, 2043, 2340, 2413, 3103, 3171, 3173, 3198, 3267]",Grtting Permission Denied Issue,"D:/C compiler/mingw32/bin/../lib/gcc/i686-w64-mingw32/8.1.0/../../../../i686-w64-mingw32/bin/ld.exe: cannot open output file a.exe: Permission denied
collect2.exe: error: ld returned 1 exit status
VS Code version: Code 1.56.1 (e713fe9b05fc24facbec8f34fb1017133858842b, 2021-05-06T10:08:05.141Z)
OS version: Windows_NT x64 10.0.19042
<details>
<summary>System Info</summary>
|Item|Value|
|CPUs|Intel(R) Core(TM) i7-10750H CPU @ 2.60GHz (12 x 2592)|
|GPU Status|2d_canvas: enabled<br>gpu_compositing: enabled<br>multiple_raster_threads: enabled_on<br>oop_rasterization: enabled<br>opengl: enabled_on<br>rasterization: enabled<br>skia_renderer: enabled_on<br>video_decode: enabled<br>vulkan: disabled_off<br>webgl: enabled<br>webgl2: enabled|
|Load (avg)|undefined|
|Memory (System)|15.79GB (7.91GB free)|
|Process Argv|--crash-reporter-id f58d33ee-608c-415a-9610-f2cc7519b41c|
|Screen Reader|no|
|VM|0%|
</details>Extensions: none<details>
<summary>A/B Experiments</summary>
```
vsliv368cf:30146710
vsreu685:30147344
python383:30185418
pythonvspyt700cf:30270857
pythonvspyt602:30300191
vspor879:30202332
vspor708:30202333
vspor363:30204092
vswsl492cf:30256860
pythonvspyt639:30300192
pythontb:30283811
vspre833:30267464
pythonptprofiler:30281270
vshan820:30294714
vscorecescf:30290706
pythondataviewer:30285071
vscus158:30286553
bridgeflight:30299254

```
</details>",question,bug
2026-03-07 05:05:31,"[145, 157, 451, 554, 656, 664, 1026, 1092, 1277, 1500, 1558, 1780, 2043, 2340, 2413, 3103, 3171, 3173, 3198, 3267]","New window size doesn't match size of existing, open windows","- VSCode Version: 1.9.0 (1.9.0)
- OS Version: Mac OS 10.12.3
1. Create a new window, size it as desired - mine are large, btw.
2. File > New Window",question,bug
2026-03-07 05:05:31,"[145, 157, 451, 554, 656, 664, 1026, 1092, 1277, 1500, 1558, 1780, 2043, 2340, 2413, 3103, 3171, 3173, 3198, 3267]",Add API to parse/update Uri.query,"Testing #8192
Currently Uri.query needs to be parsed and updated through Uri.with() by the extension author. It would be nice to offer API doing that.",feature,feature
2026-03-07 05:05:31,"[145, 157, 451, 554, 656, 664, 1026, 1092, 1277, 1500, 1558, 1780, 2043, 2340, 2413, 3103, 3171, 3173, 3198, 3267]",Environment variables in %PATH% are not expanded,"> This issue seems to be a duplicate of #26048, but since that was closed and I had some more info I couldn't add, I created this one.
### Summary
I have some environment variables set to some directories, and they're used in my %PATH% variable (System space, not user) and they're not getting expanded in the integrated terminal. If I type `echo %PATH%` I see the variables unexpanded, instead of the directories they point to (Here's the output) :
```
C:\Program Files (x86)\Intel\Intel(R) Management Engine Components\iCLS\;C:\Program Files\Intel\Intel(R) Management Engine Components\iCLS\;%SystemRoot%\system32;%SystemRoot%;%SystemRoot%\System32\Wbem;%SYSTEMROOT%\System32\WindowsPowerShell\v1.0\;%SYSTEMROOT%\System32\OpenSSH\;C:\Program Files\dotnet\;C:\Program Files (x86)\Bitvise SSH Client;C:\Program Files\Git\cmd;C:\Program Files (x86)\Intel\Intel(R) Management Engine Components\DAL;C:\Program Files\Intel\Intel(R) Management Engine Components\DAL;C:\Program Files (x86)\Intel\Intel(R) Management Engine Components\IPT;C:\Program Files\Intel\Intel(R) Management Engine Components\IPT;%PATH_PROGS%;C:\Program Files\PuTTY\;%ARINA_CLI_DIR%;A:/Prog/Dev/Rust/Win/CargoHome\bin;C:\Users\Dante\AppData\Local\Microsoft\WindowsApps;C:\Users\Dante\.dotnet\tools;
```
But variables in User space (Everything after `A:/Prog/Dev/Rust/Win/CargoHome\bin` above) are expanded, Here is their unexpanded version from system settings :
```
%USERPROFILE%\AppData\Local\Microsoft\WindowsApps;%USERPROFILE%\.dotnet\tools;
```
### Workaround
Seeing this behavior I tried running VSCode as Administrator, and this time the variables are correctly expanded.
### Info
VS Code version: Code 1.79.0 (b380da4ef1ee00e224a15c1d4d9793e27c2b6302, 2023-06-07T14:26:35.552Z) (Portable)
OS version: Windows_NT x64 10.0.22621
Modes:
<details>
<summary>System Info</summary>
|Item|Value|
|CPUs|Intel(R) Core(TM) i7-8550U CPU @ 1.80GHz (8 x 1992)|
|GPU Status|2d_canvas: enabled<br>canvas_oop_rasterization: disabled_off<br>direct_rendering_display_compositor: disabled_off_ok<br>gpu_compositing: enabled<br>multiple_raster_threads: enabled_on<br>opengl: enabled_on<br>rasterization: enabled<br>raw_draw: disabled_off_ok<br>video_decode: enabled<br>video_encode: enabled<br>vulkan: disabled_off<br>webgl: enabled<br>webgl2: enabled<br>webgpu: enabled|
|Load (avg)|undefined|
|Memory (System)|31.88GB (25.11GB free)|
|Process Argv|--crash-reporter-id ea812d11-4c3b-413a-b4b7-c326d9aa68d1|
|Screen Reader|no|
|VM|0%|
</details><details><summary>Extensions (7)</summary>
Extension|Author (truncated)|Version
git-graph|mhu|1.30.0
csharp|ms-|1.25.9
remote-ssh|ms-|0.102.0
remote-ssh-edit|ms-|0.86.0
hexeditor|ms-|1.9.11
remote-explorer|ms-|0.4.0
vscode-open|san|0.1.0
(1 theme extensions excluded)
</details><details>
<summary>A/B Experiments</summary>
```
vsliv368:30146709
vsreu685:30147344
python383cf:30185419
vspor879:30202332
vspor708:30202333
vspor363:30204092
vslsvsres303:30308271
vserr242:30382549
pythontb:30283811
vsjup518:30340749
pythonptprofiler:30281270
vshan820:30294714
vstes263:30335439
vscorecescf:30445987
vscod805cf:30301675
binariesv615:30325510
bridge0708:30335490
bridge0723:30353136
vsaa593cf:30376535
pythonvs932:30410667
py29gd2263cf:30773604
vsclangdc:30486549
c4g48928:30535728
dsvsc012cf:30540253
pynewext54:30695312
azure-dev_surveyone:30548225
vscccc:30610679
3biah626:30602489
pyind779:30671433
f6dab269:30613381
pythonsymbol12:30671437
showlangstatbar:30737416
vsctsb:30748421
pythonms35:30701012
03d35959:30757346
pythonfmttext:30731395
pythoncmv:30756943
fixshowwlkth:30771522
hideindicator:30766889
pythongtdpath:30769146
e440d664:30770001
pythonidxptcf:30772540
pythondjangotscf:30772537
pythonnoceb:30773526
e537b577:30772215

```
</details>",question,bug
2026-03-07 05:05:32,"[145, 157, 451, 554, 656, 664, 1026, 1092, 1277, 1500, 1558, 1780, 2043, 2340, 2413, 3103, 3171, 3173, 3198, 3267]",New tab overwrites previous,"I can't open few tabs, because every new tab overwrites current one tab. I have few files in current opened folder. I click on them to open files for editing, but new click opens editor in the place of the previously opened tab. But I can open file in a new tab if I drag it by mouse from left panel to tabs panel. I got this after last update.
VS Code version: Code 1.43.2 (0ba0ca52957102ca3527cf479571617f0de6ed50, 2020-03-24T07:34:57.037Z)
OS version: Darwin x64 19.3.0
<details>
<summary>System Info</summary>
|Item|Value|
|CPUs|Intel(R) Core(TM) i5-5350U CPU @ 1.80GHz (4 x 1800)|
|GPU Status|2d_canvas: enabled<br>flash_3d: enabled<br>flash_stage3d: enabled<br>flash_stage3d_baseline: enabled<br>gpu_compositing: enabled<br>metal: disabled_off<br>multiple_raster_threads: enabled_on<br>oop_rasterization: disabled_off<br>protected_video_decode: unavailable_off<br>rasterization: enabled<br>skia_renderer: disabled_off_ok<br>video_decode: enabled<br>viz_display_compositor: enabled_on<br>viz_hit_test_surface_layer: disabled_off_ok<br>webgl: enabled<br>webgl2: enabled|
|Load (avg)|1, 1, 2|
|Memory (System)|8.00GB (1.45GB free)|
|Process Argv||
|Screen Reader|no|
|VM|0%|
</details><details><summary>Extensions (1)</summary>
Extension|Author (truncated)|Version
python|ms-|2020.3.69010
</details>",question,bug
2026-03-07 05:05:32,"[145, 157, 451, 554, 656, 664, 1026, 1092, 1277, 1500, 1558, 1780, 2043, 2340, 2413, 3103, 3171, 3173, 3198, 3267]",Is there a way to use VSCode for building a browser based IDE?,"I am looking to develop a browser based IDE using VSCode. I came across this feature request https://github.com/microsoft/vscode/issues/55917 which did not answer my question. I am also aware of Theia framework. However, I am looking to actually use VSCode itself, if possible. I have the following questions:
1. Is it possible to use VSCode to build a web based IDE? If yes, any pointers as to what needs to change and how to integrate it?
2. Would there be any licensing issues in doing this?",question,feature
2026-03-07 05:05:32,"[145, 157, 451, 554, 656, 664, 1026, 1092, 1277, 1500, 1558, 1780, 2043, 2340, 2413, 3103, 3171, 3173, 3198, 3267]",[Snippsets] Remove snippet file (or/& as item in context menu).,"Now when I create new snippset, and after I want remove, I can remove only snippet, but empty snippsets file will remain. If I want remove this file to remove item from context menu (F1 - > Preferences: Configure User Snippset, there are empty file marked as Existing Snippet), so to remove it I need remove file from %appdata%/code/user/snippets/[language].json ... is there way how to remove it directly? If not, Can you add this?
(sry for my bad English)",question,feature
2026-03-07 05:05:33,"[145, 157, 451, 554, 656, 664, 1026, 1092, 1277, 1500, 1558, 1780, 2043, 2340, 2413, 3103, 3171, 3173, 3198, 3267]",Unable to open dashboard from port forwarding of VS code,"![Screenshot 2024-01-26 210509](https://github.com/microsoft/vscode/assets/147988252/d499ac8a-be65-4722-a775-1773cd5130de)
![Screenshot 2024-01-26 210528](https://github.com/microsoft/vscode/assets/147988252/db21742f-7f9f-4d30-a902-a083f98db8bd)
Hi team,
Actual Result
I am unable to open up dashboard of current python file in vs code. The port forwarding is opening dashboard of another python file, which I was working on before.
Expected result
Ideally port forwarding should open up the dashboard from the python file that is currently being run.
Regards,
Praveen V
VS Code version: Code 1.85.2 (8b3775030ed1a69b13e4f4c628c612102e30a681, 2024-01-18T06:40:10.514Z)
OS version: Windows_NT x64 10.0.22631
Modes:
<details>
<summary>System Info</summary>
|Item|Value|
|CPUs|AMD Ryzen 5 5500U with Radeon Graphics          (12 x 2096)|
|GPU Status|2d_canvas: enabled<br>canvas_oop_rasterization: enabled_on<br>direct_rendering_display_compositor: disabled_off_ok<br>gpu_compositing: enabled<br>multiple_raster_threads: enabled_on<br>opengl: enabled_on<br>rasterization: enabled<br>raw_draw: disabled_off_ok<br>video_decode: enabled<br>video_encode: enabled<br>vulkan: disabled_off<br>webgl: enabled<br>webgl2: enabled<br>webgpu: enabled|
|Load (avg)|undefined|
|Memory (System)|15.33GB (7.31GB free)|
|Process Argv|--user-data-dir C:\\Users\\prave\\AppData\\Roaming\\.anaconda\\navigator\\Code --crash-reporter-id d1c79d0e-2bc3-4e84-9c2a-713556d3cce6|
|Screen Reader|no|
|VM|0%|
</details><details><summary>Extensions (2)</summary>
Extension|Author (truncated)|Version
python|ms-|2023.22.1
vscode-pylance|ms-|2023.12.1
</details><details>
<summary>A/B Experiments</summary>
```
vsliv368cf:30146710
vspor879:30202332
vspor708:30202333
vspor363:30204092
vstes627:30244334
vscoreces:30445986
vscod805cf:30301675
binariesv615:30325510
vsaa593cf:30376535
py29gd2263:30899288
c4g48928:30535728
azure-dev_surveyone:30548225
962ge761:30933248
pythongtdpath:30769146
welcomedialogc:30910334
pythonidxpt:30866567
pythonnoceb:30805159
asynctok:30898717
pythontestfixt:30902429
pythonregdiag2:30936856
pyreplss1:30897532
pythonmypyd1:30879173
pythoncet0:30885854
pythontbext0:30879054
dsvsc016:30899300
dsvsc017:30899301
dsvsc018:30899302
dsvsc019acf:30933242

```
</details>",question,bug
2026-03-07 05:05:35,"[145, 157, 451, 554, 656, 664, 1026, 1092, 1277, 1500, 1558, 1780, 2043, 2340, 2413, 3103, 3171, 3173, 3198, 3267]",Copying text from editor should not include formatting,"- VS Code Version: all
- OS Version: windows all
1. copy some text from vscode
2. paste in outlook email editor
![image](https://user-images.githubusercontent.com/502496/115799703-e5707200-a38d-11eb-87c7-a61c83c22cce.png)",question,bug
2026-03-07 05:05:36,"[145, 157, 451, 554, 656, 664, 1026, 1092, 1277, 1500, 1558, 1780, 2043, 2340, 2413, 3103, 3171, 3173, 3198, 3267]",Add an option to enable whether to override the vscode shortcut when the focus is on the terminal,"Add an option to enable whether to override the vscode shortcut when the focus is on the terminal.
When I enter a command on the terminal, if I want to execute some shortcut commands, what I want is not to enter characters on the terminal.
VS Code version: Code 1.36.1 (2213894ea0415ee8c85c5eea0d0ff81ecc191529, 2019-07-08T22:59:35.033Z)
OS version: Windows_NT x64 10.0.18362",question,feature
2026-03-07 05:05:36,"[145, 157, 451, 554, 656, 664, 1026, 1092, 1277, 1500, 1558, 1780, 2043, 2340, 2413, 3103, 3171, 3173, 3198, 3267]",CSS Formatter,"Hello VS Code crew
I see VS Code can formatting html, json, js, but can't do it with css, scss. It is possible to make it native too?
Of course i know there is a lot of add-ons in marketplace, but if you support html or js formatter, maybe it a good idea to support css, scss too ?
It always better to have native functions. Add-ons often fail",question,feature
2026-03-07 05:05:37,"[145, 157, 451, 554, 656, 664, 1026, 1092, 1277, 1500, 1558, 1780, 2043, 2340, 2413, 3103, 3171, 3173, 3198, 3267]",Integrated terminal not working.,"Like:
git bash, git cmd, msys64 integrated terminal even no third party terminal working in my machine with vs code.
just give me this message👇🏻
![Screenshot 2020-09-06 112812](https://user-images.githubusercontent.com/50325055/92318938-ec33ba00-f034-11ea-915c-f5176cf0b11d.jpg)
My vs code user setting is:👇🏻
""code-runner.runInTerminal"": true,
""code-runner.saveFileBeforeRun"": true,
""C_Cpp.updateChannel"": ""Insiders"",
""githubPullRequests.queries"": [
""label"": ""Waiting For My Review"",
""query"": ""is:open review-requested:${user}""
""label"": ""Assigned To Me"",
""query"": ""is:open assignee:${user}""
""label"": ""Created By Me"",
""query"": ""is:open author:${user}""
""label"": ""Mentioned Me"",
""query"": ""is:open mentions:${user}""
""liveshare.guestApprovalRequired"": true,
""liveshare.joinDebugSessionOption"":""Automatic"",
""json.schemas"": [
""fileMatch"": [
""/receipts/*.json"",
""!/receipts/*.excluded.json""
""url"": ""./receipts.schema.json""
//PowerShell-7
//""terminal.integrated.shell.windows"": ""E:\\Program Files\\PowerShell\\7\\pwsh.exe"",
//GitBash
//""terminal.integrated.shell.windows"": ""E:\\Program Files\\Git\\bin\\bash.exe"",
// Command Prompt
//""terminal.integrated.shell.windows"": ""C:\\Windows\\System32\\cmd.exe"",
// PowerShell
//""terminal.integrated.shell.windows"": ""C:\\Windows\\System32\\WindowsPowerShell\\v1.0\\powershell.exe"",
""workbench.editor.highlightModifiedTabs"": true,
// Windows/Linux
""key"": ""ctrl+f"", ""command"": ""-workbench.action.terminal.focusFindWidget"",
""when"": ""terminalFocus"",
""explorer.confirmDelete"": false,
""editor.renderControlCharacters"": true,
// Controls if the pressing tab inserts the best suggestion and if the tab cycles through other suggestions
""editor.tabCompletion"": ""on"",
// Controls whether sorting favors words that appear close to the cursor
""editor.suggest.localityBonus"": true,
// Controls how suggestions are pre-selected when showing the suggested list
""editor.suggestSelection"": ""first"",
// Enable word-based suggestions
""editor.wordBasedSuggestions"": true,
// Enable parameter hints
""editor.parameterHints.enabled"": true,
// Controls whether suggestions should be accepted on commit characters. For example, in JavaScript, the semi-colon (`;`) can be a committed character that accepts a suggestion and types that character.
""editor.acceptSuggestionOnCommitCharacter"": true,
// Controls if suggestions should be accepted on 'Enter' - in addition to 'Tab'. Helps to avoid ambiguity between inserting new lines or accepting suggestions. The value 'smart' means only accept a suggestion with entering when it makes a textual change
""editor.acceptSuggestionOnEnter"": ""on"",
// Controls the delay in ms after which quick suggestions will show up.
""editor.quickSuggestionsDelay"": 10,
// Controls if suggestions should automatically show up when typing trigger characters
""editor.suggestOnTriggerCharacters"": true,
// Controls if quick suggestions should show up while typing
""editor.quickSuggestions"": {
""other"": true,
""comments"": true,
""strings"": true
""window.zoomLevel"": 0,
""workbench.colorTheme"": ""Visual Studio Dark"",
""java.configuration.runtimes"": [
""name"": ""JavaSE-1.8"",
""path"": ""/path/to/jdk-8""
""name"": ""JavaSE-11"",
""path"": ""/path/to/jdk-11""
""name"": ""JavaSE-14"",
""path"": ""/path/to/jdk-14"",
""default"": true
""files.exclude"": {
""**/.classpath"": true,
""**/.project"": true,
""**/.settings"": true,
""**/.factorypath"": true
""git.autofetch"": true,
""vsintellicode.modify.editor.suggestSelection"": ""choseToUpdateConfiguration"",
""python.languageServer"": ""Microsoft"",
""python.pythonPath"": ""E:\\Program Files\\Python38\\python.exe"",
//New load Here:
""terminal.integrated.shell.windows"": ""E:\\Program Files\\Git\\git-cmd.exe"",
""terminal.integrated.shellArgs.windows"": [
""--command=usr/bin/bash.exe"",
And my system environment path is:👇🏻
![Screenshot 2020-09-06 113617](https://user-images.githubusercontent.com/50325055/92318966-3cab1780-f035-11ea-83a8-60166b1f1970.jpg)
I don't know why this happens but I tried heart and soul for the fix but still, I'm failing with this.
my system info is:
![Screenshot 2020-09-06 114138](https://user-images.githubusercontent.com/50325055/92319035-0a4dea00-f036-11ea-9714-49539b800e5c.jpg)
my vs code extensions are:
![Screenshot 2020-09-06 114304](https://user-images.githubusercontent.com/50325055/92319048-2782b880-f036-11ea-9e8f-2cb7ae19e116.jpg)",question,bug
2026-03-07 05:05:37,"[145, 157, 451, 554, 656, 664, 1026, 1092, 1277, 1500, 1558, 1780, 2043, 2340, 2413, 3103, 3171, 3173, 3198, 3267]","Add several basic predefined variables for use in launch.json - e.g.  ${uid}, ${gid}, ${user}, ${home}","Please expose several basic predefined variables for use in `launch.json` like `${uid}`, `${gid}`, `${user}`, `${home}` (and potentially in `settings.json` too, as per https://github.com/microsoft/vscode/issues/2809).
Example use cases:
1. Extremely useful for multi-user environments to avoid port or path conflicts. (See YAML below)
2. Generally similar use cases to https://github.com/microsoft/vscode/issues/2809 where one needs to specify paths to SDKs, GOPATHs and alike.
```json-with-comments
{
  ""version"": ""0.2.0"",
  ""configurations"": [
    {
      ""type"": ""perl"",
      ""request"": ""launch"",
      ""name"": ""Perl-Debug"",
      ""console"": ""remote"",
      ""port"": ""${uid}"",  // <---- HERE!
      ""root"": ""${workspaceFolder}/.vscode/root"",
      ""program"": ""${workspaceFolder}/${relativeFile}"",
      ""stopOnEntry"": false,
      ""reloadModules"": false,
      ""sessions"": ""watch"",
    }
  ]
}
```",feature,feature
2026-03-07 05:05:37,"[145, 157, 451, 554, 656, 664, 1026, 1092, 1277, 1500, 1558, 1780, 2043, 2340, 2413, 3103, 3171, 3173, 3198, 3267]",Prefill reported issue body with version and OS when triggered from menu,"You can set the issue body using the query string https://github.com/Microsoft/vscode/issues/new?body=[body]
This would be convenient for the team to auto-fill this information when using Help > Report Issues, it would also help reduce an extra round trip if the community leaves out their OS and leave out the version. It will also give us the commit which will be increasingly useful information for insiders towards the end of the month.
I can't figure out how to do new lines in the query string is the only issue, `\n`, `<br>` and `&lt;br&gt;` all seem to not work.",feature,feature
2026-03-07 05:05:37,"[145, 157, 451, 554, 656, 664, 1026, 1092, 1277, 1500, 1558, 1780, 2043, 2340, 2413, 3103, 3171, 3173, 3198, 3267]",Hitting ⌘0 brings up left panel but does not hide it.,"- VSCode Version: Code 1.13.1 (379d2efb5539b09112c793d3d9a413017d736f89, 2017-06-14T18:13:05.928Z)
- OS Version: Darwin x64 16.6.0
- Extensions: the listing length exceeds browsers' URL characters limit
1. Hit ⌘0, expecting for it to reset font scale.
2. It actually opens the find pane.
3. I hit ⌘0 expecting it to hide the find pane. It does nothing.",feature,bug
2026-03-07 05:05:38,"[145, 157, 451, 554, 656, 664, 1026, 1092, 1277, 1500, 1558, 1780, 2043, 2340, 2413, 3103, 3171, 3173, 3198, 3267]",Dynamically change run buttons to debug when breakpoints are placed,"In a recent user study, we observed a participant struggling to discover how to run in debug mode. After they placed breakpoints in their testing code, they would hit the run button next to their test expecting it to start the debugger and hit the breakpoint. It would be nice if when a user adds a breakpoint, the run button (whether it's for run file or for run test) would start the debugger
cc/ @luabud",feature,feature
2026-03-07 05:05:38,"[145, 157, 451, 554, 656, 664, 1026, 1092, 1277, 1500, 1558, 1780, 2043, 2340, 2413, 3103, 3171, 3173, 3198, 3267]",I love vscode but the codelens drives me nuts,"-  Version 1.33.1 (1.33.1)
- OS Version: MAC OS 10.14.4
1. select goto definition of a typescript symbol and it shows the horrible codelens viewer with the index.d.ts file as an option
For example:
![codelens](https://user-images.githubusercontent.com/118328/56339604-cd662680-61a6-11e9-9d18-d5a004292579.png)
I have tried disabling every conceivable codelens setting:
```
  ""javascript.referencesCodeLens.enabled"": false,
  ""typescript.referencesCodeLens.enabled"": false,
  ""editor.codeLens"": false,
  ""merge-conflict.codeLens.enabled"": false,
  ""typescript.implementationsCodeLens.enabled"": false,
```
I absolutely love VSCode but I cannot disable this thing no matter what I try.",question,bug
2026-03-07 05:05:38,"[145, 157, 451, 554, 656, 664, 1026, 1092, 1277, 1500, 1558, 1780, 2043, 2340, 2413, 3103, 3171, 3173, 3198, 3267]",Notebook implementations analysis and exploration,"There are now quite a few notebook like features contributed by extensions, which usually leverage Web View API and Monaco Editor. We may want to look into what we can do from the core side to improve the user and/or development experience for notebooks.
*--Update--*
To track the analysis of different existing notebook implementation, we put the samples and benchmarks in a dedicated repository [rebornix/notebook-test](https://github.com/rebornix/notebook-test), which consists of following content
* [x] Python notebook
* [x] [Samples](https://github.com/rebornix/notebook-test/tree/master/samples)
* [x] [Technical details](https://github.com/rebornix/notebook-test#technical-details)
* [x] Azure Data Studio notebook
* [x] Samples
* [x] [Technical details](https://github.com/rebornix/notebook-test#technical-details-1)
* [x] [Benchmark](https://github.com/rebornix/notebook-test/issues/1)",feature,feature
2026-03-07 05:05:39,"[145, 157, 451, 554, 656, 664, 1026, 1092, 1277, 1500, 1558, 1780, 2043, 2340, 2413, 3103, 3171, 3173, 3198, 3267]",VSCODE doesn't respect font settings for editor or terminal,"- VSCode Version: 1.40.2
- OS Version: Windows 10
1. Install Fira Code font from https://github.com/tonsky/FiraCode
2. Install VSCode, edit settings for editor's and terminal's fontFamily to reflect ""Fira Code"". Edit settings to enable `ligatures`.
The settings will haphazardly work sometimes. After every computer restart though, the following screenshot is what the editor looks like.
https://imgur.com/a/0ztcWgF",question,bug
2026-03-07 05:05:39,"[145, 157, 451, 554, 656, 664, 1026, 1092, 1277, 1500, 1558, 1780, 2043, 2340, 2413, 3103, 3171, 3173, 3198, 3267]",Had to click on certain menu options twice,"When I open for example File menu, by clicking open once, it doesn't work. No response. Then I have to open file menu again and click on Open again.
VS Code version: Code - Insiders 1.26.0-insider (0707dd4940b3fdbea8339595de478f354f6dda83, 2018-07-31T05:12:08.688Z)
OS version: Darwin x64 17.7.0
<details>
<summary>System Info</summary>
|Item|Value|
|CPUs|Intel(R) Core(TM) i5-7360U CPU @ 2.30GHz (4 x 2300)|
|GPU Status|2d_canvas: enabled<br>checker_imaging: disabled_off<br>flash_3d: enabled<br>flash_stage3d: enabled<br>flash_stage3d_baseline: enabled<br>gpu_compositing: enabled<br>multiple_raster_threads: enabled_on<br>native_gpu_memory_buffers: enabled<br>rasterization: enabled<br>video_decode: enabled<br>video_encode: enabled<br>webgl: enabled<br>webgl2: enabled|
|Load (avg)|3, 3, 3|
|Memory (System)|8.00GB (0.46GB free)|
|Process Argv|/Applications/Visual Studio Code - Insiders.app/Contents/MacOS/Electron|
|Screen Reader|no|
|VM|0%|
</details><details><summary>Extensions (19)</summary>
Extension|Author (truncated)|Version
better-comments|aar|1.2.6
path-intellisense|chr|1.4.2
bracket-pair-colorizer|Coe|1.0.59
vscode-eslint|dba|1.4.12
es7-react-js-snippets|dsz|1.8.5
gitlens|eam|8.5.4
vscode-html-css|ecm|0.2.0
vsc-material-theme|Equ|2.3.0
auto-close-tag|for|0.5.6
rest-client|hum|0.19.0
vscode-colorize|kam|0.7.1
python|ms-|2018.7.1
polacode|pnp|0.2.2
LiveServer|rit|5.1.1
vscode-icons|rob|7.24.0
vscode-fileutils|sle|2.10.3
code-spell-checker|str|1.6.10
vscode-react-native|vsm|0.6.13
html-css-class-completion|Zig|1.17.1
(1 theme extensions excluded)
</details>",bug,bug
2026-03-07 05:05:40,"[145, 157, 451, 554, 656, 664, 1026, 1092, 1277, 1500, 1558, 1780, 2043, 2340, 2413, 3103, 3171, 3173, 3198, 3267]",Implement blank operations,"Please consider implementation of the following features, shown here in notepad++.
![image](https://cloud.githubusercontent.com/assets/4483325/25244389/219ad5bc-25c6-11e7-94d2-a55eda78f3ba.png)
the tab to space/space to tab feature is very convenient. In my case, i prefer tabs, but company style guidelines dictate 2 spaces. I can easily convert to tabs, edit a file then convert to spaces and commit changes. I like VS Code, but i would prefer to have this feature available to me in VS Code. Bonus points if you can make configurable keyboard short cuts.",question,feature
2026-03-07 05:05:40,"[145, 157, 451, 554, 656, 664, 1026, 1092, 1277, 1500, 1558, 1780, 2043, 2340, 2413, 3103, 3171, 3173, 3198, 3267]",Extensions: ability to detect light/dark theme,"It seems there's no way to detect the if the current theme is dark or light.
This can be a problem if the extension has complex css, like this one http://stackoverflow.com/questions/37257911/detect-light-dark-theme-programatically-in-visual-studio-code
It would be great if there was a way to determine the kind of theme applied from the extension",feature,feature
2026-03-07 05:05:40,"[145, 157, 451, 554, 656, 664, 1026, 1092, 1277, 1500, 1558, 1780, 2043, 2340, 2413, 3103, 3171, 3173, 3198, 3267]",having problem in importing speech recognition,"i am having problem in importing speech recognition.
i used pip install speech recognition command, and an error pops up:
ERROR: Could not find a version that satisfies the requirement recognition (from versions: none)
ERROR: No matching distribution found for recognition
Thankyou for helping me resolve this problem.
VS Code version: Code 1.76.2 (ee2b180d582a7f601fa6ecfdad8d9fd269ab1884, 2023-03-14T17:55:54.936Z)
OS version: Windows_NT x64 10.0.22621
Modes:
Sandboxed: Yes",question,bug
2026-03-07 05:05:41,"[145, 157, 451, 554, 656, 664, 1026, 1092, 1277, 1500, 1558, 1780, 2043, 2340, 2413, 3103, 3171, 3173, 3198, 3267]",ALT  to open included head file does not work properly.,"When editing a ""xxx.h"" head file，mouse hover onto included “dir/yyy.h” , it supposed to open the yyy.h file in a new tab when ""alt-pressed + mouse-left-button-clicked"" ，but instead,  the yyy.h file was opened in the xxx.h file's tab when alt is pressed, and overwrite  xxx.h file's content with it.",question,bug
2026-03-07 05:05:41,"[145, 157, 451, 554, 656, 664, 1026, 1092, 1277, 1500, 1558, 1780, 2043, 2340, 2413, 3103, 3171, 3173, 3198, 3267]",Is it possible to set a custom File icon theme to only a particular view?,"Hi.
I'm trying to develop a VSCode extension. Following the documentation, I was able to set custom file icons by modifying package.json. However, when I ran the extension it changed the file icons even for the default explorer view. I would like to have only the file icon specification affect only the custom view that I created. Is this possible?",question,feature
2026-03-07 05:05:43,"[145, 157, 451, 554, 656, 664, 1026, 1092, 1277, 1500, 1558, 1780, 2043, 2340, 2413, 3103, 3171, 3173, 3198, 3267]",Strange behavior of a right-click mouse when workbench.action.zoomin,"- VSCode Version:
Version: 1.30.2
Commit: 61122f88f0bf01e2ac16bdb9e1bc4571755f5bd8
Date: 2019-01-07T22:49:48.319Z
Electron: 2.0.12
Chrome: 61.0.3163.100
Node.js: 8.9.3
V8: 6.1.534.41
OS: Linux x64 4.15.0-45-generic
- OS Version: Ubuntu 18.04.1 LTS x64 Gnome
1.Increase a size of the VSCode window clicking _Ctrl+ '='_
2.Right click of the mouse button somewhere on a JS code
PFA video file with the exact VSCode behavior.
[mouse_right_click-2019-02-03_23.39.41.zip](https://github.com/Microsoft/vscode/files/2826036/mouse_right_click-2019-02-03_23.39.41.zip)
Does this issue occur when all extensions are disabled?: Yes",bug,bug
2026-03-07 05:05:43,"[145, 157, 451, 554, 656, 664, 1026, 1092, 1277, 1500, 1558, 1780, 2043, 2340, 2413, 3103, 3171, 3173, 3198, 3267]",Multiple windows when dragging files out of editor,For instance when an editor tab is dragged out of the current vs code editor it will instantiate a new window for that file.,feature,feature
2026-03-07 05:05:44,"[145, 157, 451, 554, 656, 664, 1026, 1092, 1277, 1500, 1558, 1780, 2043, 2340, 2413, 3103, 3171, 3173, 3198, 3267]",The keybindings are weird,"@alexandrudima I bind `Shift+F11` for `Toggle Zen mode`. When I debug code, I press `Shift+F11`, I think vs code should step out, but it toggles zen mode. Does it work correctly? What is the order the keybindings work on?
VS Code version: Code - Insiders 1.23.0-insider (7c62e560a2e494a1b0b4d39561dc5c1d837a5263, 2018-04-13T05:17:33.810Z)
OS version: Windows_NT x64 6.3.9600
<details>
<summary>System Info</summary>
|Item|Value|
|CPUs|Intel(R) Core(TM) i5-4210H CPU @ 2.90GHz (4 x 2893)|
|GPU Status|2d_canvas: enabled<br>flash_3d: enabled<br>flash_stage3d: enabled<br>flash_stage3d_baseline: enabled<br>gpu_compositing: enabled<br>multiple_raster_threads: enabled_on<br>native_gpu_memory_buffers: disabled_software<br>rasterization: disabled_software<br>video_decode: enabled<br>video_encode: enabled<br>vpx_decode: unavailable_software<br>webgl: enabled<br>webgl2: enabled|
|Memory (System)|7.89GB (4.77GB free)|
|Process Argv|C:\Program Files\Microsoft VS Code Insiders\Code - Insiders.exe|
|Screen Reader|no|
|VM|0%|
</details><details><summary>Extensions (6)</summary>
Extension|Author (truncated)|Version
markdown-preview-github-styles|bie|0.1.2
vscode-eslint|dba|1.4.8
EditorConfig|Edi|0.12.1
tslint|eg2|1.0.28
debugger-for-chrome|msj|4.3.0
java|red|0.22.0
</details>",question,bug
2026-03-07 05:05:45,"[145, 157, 451, 554, 656, 664, 1026, 1092, 1277, 1500, 1558, 1780, 2043, 2340, 2413, 3103, 3171, 3173, 3198, 3267]",fixing c++ bugs in javascript -,"Emscripten is a very good project to port c/c++ projects to javascript,
there is a feature called Manual print debugging, which prints out the line number of the given c++ code in the ported javascript code.
http://kripken.github.io/emscripten-site/docs/porting/Debugging.html
My feature request sounds crazy, but there is a valid reason.
Because of emscripten you can debug ported javascript code from c++,
what i would like to achieve, to make changes in javascript and automatically converted back to c++.
I think that functionality can empower the free source world.
Especially when you have a badly written aging project like ffmpeg and you would like to find bugs in it,
so you can use emscripten debug it in the browser and convert back the changes into c++.
So any freesource project which misses manpower can get free hands quickly as javascript is a well known and easy to use language for everyone.
There are special cases, but to check and validate an encoder algorithm make it more efficient programatically can be a valid reason to use that technic. If you would be able to read the algorithm in a better way and debug in a better way, you can get an idea to write far better algorithm than the heavily patented mpeg h264 and aac. (I think it's a common problem in every browsers nowadays)
Not to mention c++ projects, which has been ended because lots of resources was needed to fix bugs further. (Osmosis is a good example on open street map - everybody is using it as a google alternative, but the osmisis itself is in 0.55 version, and finished the development after 2016)",question,feature
2026-03-07 05:05:46,"[145, 157, 451, 554, 656, 664, 1026, 1092, 1277, 1500, 1558, 1780, 2043, 2340, 2413, 3103, 3171, 3173, 3198, 3267]",Wrap default `Enter` behavior in a command,"My situation is, I need to add more functionality to <kbd>Enter</kbd> key.
For example, using `|` to indicate the cursor, `==>` means pressing Enter
```
- item|       - item       - item
         ==>  - |     ==>  
                           |
```
I find it hard to implement with `onEnterRules`. So I override the default <kbd>Enter</kbd> behavior by adding a shortcut <kbd>Enter</kbd>.
But then the default indentation rules won't work any more unless I re-implement them...
As a comparison, I also override <kbd>Tab</kbd> and <kbd>Backspace</kbd> keys. The difference is, when I have no custom behavior to perform, I can just call `commands.executeCommand('tab');` and `commands.executeCommand('deleteLeft');`",question,feature
2026-03-07 05:05:47,"[145, 157, 451, 554, 656, 664, 1026, 1092, 1277, 1500, 1558, 1780, 2043, 2340, 2413, 3103, 3171, 3173, 3198, 3267]",[loc][Query][VSCODE] Localizability of string: When set to `false` IntelliSense never shows `customcolor` suggestions.,"Hi,
please help localization team to answer question from translator.
In case translator is not sure about context/meaning/localizability of string we raise a question to Core team.
Could you help please? Thanks!**
Source:
When set to `false` IntelliSense never shows `customcolor` suggestions.
Query:
Is ""**customcolor**"" supposed to be localized? Left in English for the time being. Please confirm. Please note that this also refers to other strings, such as
When set to `false` IntelliSense never shows `constructor` suggestions.",question,bug
2026-03-07 05:05:47,"[145, 157, 451, 554, 656, 664, 1026, 1092, 1277, 1500, 1558, 1780, 2043, 2340, 2413, 3103, 3171, 3173, 3198, 3267]",this.commitInputBox.layout is not a function: TypeError: this.commitInputBox.layout is not a function,"Found this when switching to git viewlet and the result was an empty viewlet:
```
        [8037:1121/090324:INFO:CONSOLE(309)] ""this.commitInputBox.layout is not a function: TypeError: this.commitInputBox.layout is not a function
            at ChangesView.layout (file:////Users/bpasero/Development/Microsoft/monaco/out/vs/workbench/parts/git/browser/views/changes/changesView.js:123:33)
            at GitViewlet.layout (file:////Users/bpasero/Development/Microsoft/monaco/out/vs/workbench/parts/git/browser/gitViewlet.js:109:34)
            at file:////Users/bpasero/Development/Microsoft/monaco/out/vs/workbench/browser/parts/sidebar/sidebarPart.js:235:33
            at CompletePromise_then [as then] (file:////Users/bpasero/Development/Microsoft/monaco/out/vs/base/common/winjs.base.raw.js:1826:49)
            at file:////Users/bpasero/Development/Microsoft/monaco/out/vs/workbench/browser/parts/sidebar/sidebarPart.js:228:49
            at CompletePromise_ctor.CompletePromise_then [as then] (file:////Users/bpasero/Development/Microsoft/monaco/out/vs/base/common/winjs.base.raw.js:1826:49)
            at SidebarPart.showViewlet (file:////Users/bpasero/Development/Microsoft/monaco/out/vs/workbench/browser/parts/sidebar/sidebarPart.js:190:41)
            at file:////Users/bpasero/Development/Microsoft/monaco/out/vs/workbench/browser/parts/sidebar/sidebarPart.js:109:34
            at Object.notifySuccess [as _notify] (file:////Users/bpasero/Development/Microsoft/monaco/out/vs/base/common/winjs.base.raw.js:1440:59)
            at Object.state_success_notify.enter (file:////Users/bpasero/Development/Microsoft/monaco/out/vs/base/common/winjs.base.raw.js:1127:30)"", source: file:////Users/bpasero/Development/Microsoft/monaco/out/vs/workbench/electron-browser/shell.js (309)
        [8037:1121/090324:INFO:CONSOLE(309)] ""this.commitInputBox.layout is not a function: TypeError: this.commitInputBox.layout is not a function
            at ChangesView.layout (file:////Users/bpasero/Development/Microsoft/monaco/out/vs/workbench/parts/git/browser/views/changes/changesView.js:123:33)
            at Array.<anonymous> (file:////Users/bpasero/Development/Microsoft/monaco/out/vs/workbench/parts/git/browser/views/changes/changesView.js:108:109)
            at InputBox.EventEmitter._emitToSpecificTypeListeners (file:////Users/bpasero/Development/Microsoft/monaco/out/vs/base/common/eventEmitter.js:177:37)
            at InputBox.EventEmitter._emitEvents (file:////Users/bpasero/Development/Microsoft/monaco/out/vs/base/common/eventEmitter.js:202:22)
            at InputBox.EventEmitter.emit (file:////Users/bpasero/Development/Microsoft/monaco/out/vs/base/common/eventEmitter.js:219:22)
            at InputBox.adjustHeight (file:////Users/bpasero/Development/Microsoft/monaco/out/vs/base/browser/ui/inputbox/inputBox.js:245:18)
            at file:////Users/bpasero/Development/Microsoft/monaco/out/vs/base/browser/ui/inputbox/inputBox.js:67:51"", source: file:////Users/bpasero/Development/Microsoft/monaco/out/vs/workbench/electron-browser/shell.js (309)
        [8037:1121/090327:INFO:CONSOLE(309)] ""this.commitInputBox.layout is not a function: TypeError: this.commitInputBox.layout is not a function
            at ChangesView.layout (file:////Users/bpasero/Development/Microsoft/monaco/out/vs/workbench/parts/git/browser/views/changes/changesView.js:123:33)
            at GitViewlet.layout (file:////Users/bpasero/Development/Microsoft/monaco/out/vs/workbench/parts/git/browser/gitViewlet.js:109:34)
            at file:////Users/bpasero/Development/Microsoft/monaco/out/vs/workbench/browser/parts/sidebar/sidebarPart.js:235:33
            at CompletePromise_then [as then] (file:////Users/bpasero/Development/Microsoft/monaco/out/vs/base/common/winjs.base.raw.js:1826:49)
            at file:////Users/bpasero/Development/Microsoft/monaco/out/vs/workbench/browser/parts/sidebar/sidebarPart.js:228:49
            at CompletePromise_ctor.CompletePromise_then [as then] (file:////Users/bpasero/Development/Microsoft/monaco/out/vs/base/common/winjs.base.raw.js:1826:49)
            at SidebarPart.showViewlet (file:////Users/bpasero/Development/Microsoft/monaco/out/vs/workbench/browser/parts/sidebar/sidebarPart.js:190:41)
            at file:////Users/bpasero/Development/Microsoft/monaco/out/vs/workbench/browser/parts/sidebar/sidebarPart.js:109:34
            at CompletePromise_ctor.CompletePromise_then [as then] (file:////Users/bpasero/Development/Microsoft/monaco/out/vs/base/common/winjs.base.raw.js:1826:49)
            at file:////Users/bpasero/Development/Microsoft/monaco/out/vs/workbench/browser/parts/sidebar/sidebarPart.js:93:54"", source: file:////Users/bpasero/Development/Microsoft/monaco/out/vs/workbench/electron-browser/shell.js (309)
```",question,bug
2026-03-07 05:05:47,"[145, 157, 451, 554, 656, 664, 1026, 1092, 1277, 1500, 1558, 1780, 2043, 2340, 2413, 3103, 3171, 3173, 3198, 3267]",I can not install Remote-WSL,VSCode send  Failed to install 'ms-vscode-remote.remote-wsl'.,question,bug
2026-03-07 05:05:48,"[145, 157, 451, 554, 656, 664, 1026, 1092, 1277, 1500, 1558, 1780, 2043, 2340, 2413, 3103, 3171, 3173, 3198, 3267]",Terminal autologin not working,"- VSCode Version: 1.8.1
- OS Version: macOS 10.12.2
1. Add user setting for internal teminal as:
""terminal.integrated.shell.osx"": ""/bin/bash --login""
2. Open terminal
- Expected: terminal opens with user logged in
- Actual: ERROR: The terminal process command `/bin/bash --login` failed to launch (exit code: 1)",question,bug
2026-03-07 05:05:48,"[145, 157, 451, 554, 656, 664, 1026, 1092, 1277, 1500, 1558, 1780, 2043, 2340, 2413, 3103, 3171, 3173, 3198, 3267]",Hot Exit,"VS Code doesn't ask for saving files while closing.
VS Code version: Code 1.55.0 (c185983a683d14c396952dd432459097bc7f757f, 2021-03-30T16:01:55.261Z)
OS version: Windows_NT x64 10.0.19042
<details>
<summary>System Info</summary>
|Item|Value|
|CPUs|Intel(R) Core(TM) i5-8350U CPU @ 1.70GHz (8 x 1896)|
|GPU Status|2d_canvas: enabled<br>gpu_compositing: enabled<br>multiple_raster_threads: enabled_on<br>oop_rasterization: enabled<br>opengl: enabled_on<br>protected_video_decode: enabled<br>rasterization: enabled<br>skia_renderer: enabled_on<br>video_decode: enabled<br>vulkan: disabled_off<br>webgl: enabled<br>webgl2: enabled|
|Load (avg)|undefined|
|Memory (System)|15.86GB (8.23GB free)|
|Process Argv|--crash-reporter-id eb2bd3bd-e789-40b5-bebb-6f17adf4bf98|
|Screen Reader|no|
|VM|0%|
</details>Extensions: none<details>
<summary>A/B Experiments</summary>
```
vsliv368cf:30146710
vsreu685:30147344
python383:30185418
pythonvspyt678:30270856
vspor879:30202332
vspor708:30202333
vspor363:30204092
vstry244:30276681
pythonvsdeb440:30248342
pythonvsded773:30248341
vstes627:30244334
pythonvspyt875:30259475
pythonvsnew554:30281908
pythontb:30283811
pythonvspyt943:30280189
openwsldoc:30282072
vspre833:30267464
pythonptprofiler:30281270
vshan820:30276952
pythondataviewer:30283453

```
</details>",question,bug
2026-03-07 05:05:50,"[145, 157, 451, 554, 656, 664, 1026, 1092, 1277, 1500, 1558, 1780, 2043, 2340, 2413, 3103, 3171, 3173, 3198, 3267]",Double click tab to make it visible in the explorer,"The whole thing where VSC makes the selected file visible in the explorer tab is about 50% really cool and 50% completely horrible, because it so often does it when I really don't want it to. I ultimately had to disable it.
But, it's obviously still very nice to be able to get a file visible. I was thinking perhaps double click its tab to manually invoke that functionality instead of having it only work for the selected file. Of course double clicking the tab would make it the active file as well.",question,feature
2026-03-07 05:05:50,"[145, 157, 451, 554, 656, 664, 1026, 1092, 1277, 1500, 1558, 1780, 2043, 2340, 2413, 3103, 3171, 3173, 3198, 3267]",Mac TorchBar dosen't work,"I click the ""Run"" key in the TorchBar on my Mac and it's showing the debug instead of running your code normally,
- VS Code Version:  1.92.2
- OS Version: 14.5",question,bug
2026-03-07 05:05:50,"[145, 157, 451, 554, 656, 664, 1026, 1092, 1277, 1500, 1558, 1780, 2043, 2340, 2413, 3103, 3171, 3173, 3198, 3267]",Question about extensions,"Hello,
I was wondering if its possible to implement jump to error by double clicking on error message in output window with extension.",question,feature
2026-03-07 05:05:52,"[145, 157, 451, 554, 656, 664, 1026, 1092, 1277, 1500, 1558, 1780, 2043, 2340, 2413, 3103, 3171, 3173, 3198, 3267]",Python print unicode generate error in output window,"- VSCode Version:1.1
- OS Version:Win7 64bit, Python 2.7.8
**Source**:
```
# -*- coding: utf-8 -*-

unicode_name = u'上海'
utf8_name = unicode_name.encode('utf-8')

print(utf8_name)
print(unicode_name) # This line generate error
```
**Output:**
上海
Traceback (most recent call last):
File ""d:\Temp\tmp2.py"", line 7, in <module>
print(unicode_name) # This line generate error
UnicodeEncodeError: 'ascii' codec can't encode characters in position 0-1: ordinal not in range(128)",feature,bug
2026-03-07 05:05:53,"[145, 157, 451, 554, 656, 664, 1026, 1092, 1277, 1500, 1558, 1780, 2043, 2340, 2413, 3103, 3171, 3173, 3198, 3267]",Multiple color previews,"I have multiple color previews everytime I'm working on a .css, .scss, .vue file in the `style` block.
At the moment I have two, exactly alike prepending the color I set.
Is there an easy way to find out which processes are adding these color preview elements to the editor?
VS Code version: Code 1.63.1 (fe719cd3e5825bf14e14182fddeb88ee8daf044f, 2021-12-14T02:13:46.212Z)
OS version: Darwin arm64 21.2.0
Restricted Mode: No
<details>
<summary>System Info</summary>
|Item|Value|
|CPUs|Apple M1 (8 x 24)|
|GPU Status|2d_canvas: enabled<br>gpu_compositing: enabled<br>metal: disabled_off<br>multiple_raster_threads: enabled_on<br>oop_rasterization: enabled<br>opengl: enabled_on<br>rasterization: enabled<br>skia_renderer: disabled_off_ok<br>video_decode: enabled<br>webgl: enabled<br>webgl2: enabled|
|Load (avg)|2, 2, 2|
|Memory (System)|16.00GB (0.07GB free)|
|Process Argv|--crash-reporter-id 19be8f73-884d-423f-b087-04e22ac0b200|
|Screen Reader|no|
|VM|0%|
</details><details><summary>Extensions (63)</summary>
Extension|Author (truncated)|Version
Bookmarks|ale|13.2.2
icons-carbon|ant|0.2.4
markdown-mermaid|bie|1.13.0
markdown-preview-github-styles|bie|0.2.0
shell-syntax|bma|1.0.3
mermaid-markdown-syntax-highlighting|bpr|1.2.2
js-codeformer|cms|2.6.1
jsrefactor|cms|3.0.1
gitignore|cod|0.7.0
vscode-svgviewer|css|2.0.0
vscode-markdownlint|Dav|0.45.0
vscode-eslint|dba|2.2.2
javascript-ejs-support|Dig|1.3.1
githistory|don|0.6.19
xml|Dot|2.5.1
gitlens|eam|11.7.0
vscode-html-css|ecm|1.10.2
EditorConfig|Edi|0.16.4
prettier-vscode|esb|9.0.0
markdown-table-formatter|fcr|2.2.4
switch-case|fna|0.0.1
vdf|GEE|0.0.7
gitlab-workflow|Git|3.40.0
go|gol|0.30.0
todo-tree|Gru|0.0.214
beautify|Hoo|1.5.0
openvpn|idl|0.2.3
smarty|imp|0.3.0
vscode-codeowners|jas|1.1.1
volar|joh|0.29.8
git-graph|mhu|1.30.0
dotenv|mik|1.0.1
vscode-apache|mrm|1.2.0
vscode-docker|ms-|1.18.0
csharp|ms-|1.23.17
vscode-edge-devtools|ms-|1.4.2
python|ms-|2021.12.1559732655
vscode-pylance|ms-|2021.12.2
jupyter|ms-|2021.11.1001550889
jupyter-keymap|ms-|1.0.0
jupyter-renderers|ms-|1.0.4
remote-containers|ms-|0.209.6
remote-wsl|ms-|0.63.13
vscode-js-profile-flame|ms-|0.0.21
vsliveshare|ms-|1.0.5200
vsliveshare-audio|ms-|0.1.91
vsliveshare-pack|ms-|0.4.0
debugger-for-chrome|msj|4.13.0
debugger-for-edge|msj|1.0.15
vetur|oct|0.35.0
vscode-jest|Ort|4.2.1
material-icon-theme|PKi|4.11.0
vscode-commons|red|0.0.6
vscode-yaml|red|1.2.2
LiveServer|rit|5.6.1
vscode-coverage-gutters|rya|2.8.2
mdx|sil|0.1.0
vscode-stylelint|sty|1.2.1
sass-indented|syl|1.8.18
language-stylus|sys|1.15.0
lorem-ipsum|Tyr|1.3.0
vscodeintellicode|Vis|1.2.15
vscode-icons|vsc|11.8.0
(8 theme extensions excluded)
</details><details>
<summary>A/B Experiments</summary>
```
vsliv368cf:30146710
vsreu685:30147344
python383cf:30185419
vspor879:30202332
vspor708:30202333
vspor363:30204092
pythontb:30283811
pythonptprofiler:30281270
vshan820:30294714
vstes263:30335439
vscoreces:30384385
pythondataviewer:30285071
vscod805:30301674
pythonvspyt200:30340761
binariesv615:30325510
bridge0708:30335490
bridge0723:30353136
vsaa593cf:30376535
pythonvs932:30410667
vscop804cf:30404767
vscop940:30404999
vsrem710:30405998
vscexrecpromp3t3:30407764

```
</details>",question,feature
2026-03-07 05:05:53,"[145, 157, 451, 554, 656, 664, 1026, 1092, 1277, 1500, 1558, 1780, 2043, 2340, 2413, 3103, 3171, 3173, 3198, 3267]",Unexpected default cursorSelect keybindings,"Starting vscode this morning, these keybindings were appended to the end of the ""Default Keybindings"". Most of them - like `ctrl+shift+p`, `ctrl+shift+f` and `ctrl+shift+e` - interferes with other default functionality.
The keybindings that were added:
```
{ ""key"": ""ctrl+shift+b"",          ""command"": ""cursorLeftSelect"",
                                     ""when"": ""editorTextFocus"" },
{ ""key"": ""ctrl+shift+p"",          ""command"": ""cursorUpSelect"",
                                     ""when"": ""editorTextFocus"" },
{ ""key"": ""alt+f"",                 ""command"": ""cursorWordEndRight"",
                                     ""when"": ""editorTextFocus"" },
{ ""key"": ""ctrl+shift+f"",          ""command"": ""cursorRightSelect"",
                                     ""when"": ""editorTextFocus"" },
{ ""key"": ""ctrl+shift+n"",          ""command"": ""cursorDownSelect"",
                                     ""when"": ""editorTextFocus"" },
{ ""key"": ""alt+b"",                 ""command"": ""cursorWordStartLeft"",
                                     ""when"": ""editorTextFocus"" },
{ ""key"": ""shift+alt+f"",           ""command"": ""cursorWordEndRightSelect"",
                                     ""when"": ""editorTextFocus"" },
{ ""key"": ""shift+alt+b"",           ""command"": ""cursorWordStartLeftSelect"",
                                     ""when"": ""editorTextFocus"" },
{ ""key"": ""ctrl+shift+e"",          ""command"": ""cursorEndSelect"",
                                     ""when"": ""editorTextFocus"" },
{ ""key"": ""ctrl+shift+a"",          ""command"": ""cursorHomeSelect"",
                                     ""when"": ""editorTextFocus"" }
```
VS Code version: Code - Insiders 1.45.0-insider (ece7aaee861d7261a728d52ce436c667030ce17d, 2020-05-01T09:46:47.589Z)
OS version: Windows_NT x64 10.0.17763
<details>
<summary>System Info</summary>
|Item|Value|
|CPUs|Intel(R) Core(TM) i7-4790K CPU @ 4.00GHz (8 x 4000)|
|GPU Status|2d_canvas: enabled<br>flash_3d: enabled<br>flash_stage3d: enabled<br>flash_stage3d_baseline: enabled<br>gpu_compositing: enabled<br>multiple_raster_threads: enabled_on<br>oop_rasterization: disabled_off<br>protected_video_decode: unavailable_off<br>rasterization: enabled<br>skia_renderer: disabled_off_ok<br>video_decode: enabled<br>viz_display_compositor: enabled_on<br>viz_hit_test_surface_layer: disabled_off_ok<br>webgl: enabled<br>webgl2: enabled|
|Load (avg)|undefined|
|Memory (System)|15.84GB (8.95GB free)|
|Process Argv||
|Screen Reader|no|
|VM|0%|
</details><details><summary>Extensions (54)</summary>
Extension|Author (truncated)|Version
better-comments|aar|2.0.5
ndjson-colorizer|bus|1.0.0
vscode-exports-autocomplete|cap|0.5.4
bracket-pair-colorizer-2|Coe|0.0.29
vcard|cst|1.0.1
vscode-markdownlint|Dav|0.35.1
vscode-eslint|dba|2.1.5
vscode-generact|Den|1.0.5
javascript-ejs-support|Dig|1.3.1
es7-react-js-snippets|dsz|2.7.1
EditorConfig|Edi|0.14.5
prettier-vscode|esb|4.5.0
vscode-firefox-debug|fir|2.7.2
auto-close-tag|for|0.5.7
macros|ged|1.2.1
duplicate|gee|1.0.1
todo-tree|Gru|0.0.174
vscode-npm-dependency|how|1.2.2
fuse-vscode|iGN|0.0.1
reg|ion|1.0.1
lorem-whatever|job|1.0.2
vscode-random|jre|1.6.1
graphql-for-vscode|kum|1.15.3
expand-region|let|0.1.4
rainbow-csv|mec|1.7.0
dotenv|mik|1.0.1
vscode-apache|mrm|1.2.0
vscode-duplicate|mrm|1.2.1
vscode-scss|mrm|0.9.0
vscode-docker|ms-|1.1.0
csharp|ms-|1.21.17
python|ms-|2020.4.76186
atom-keybindings|ms-|3.0.7
cpptools|ms-|0.27.1
vscode-typescript-next|ms-|4.0.20200503
vsliveshare|ms-|1.0.2104
color-highlight|nau|2.3.0
advanced-new-file|pat|1.2.0
vscode-react-refactor|pla|1.0.5
px-to-rem|sai|1.3.1
vscode-sanity|san|0.0.3
twig-for-craft-2|sel|0.5.0
code-settings-sync|Sha|3.4.3
shader|sle|1.1.4
vscode-stylelint|sty|0.84.0
ejs-snippets|The|0.7.0
vsfire|tob|1.4.1
vscode-input-sequence|tom|0.2.0
vscodeintellicode|Vis|1.2.6
twig|wha|1.0.2
vscode-import-cost|wix|2.12.0
vscode-jumpy|wma|0.3.1
JavaScriptSnippets|xab|1.8.0
material-theme|zhu|3.3.1
</details>",question,bug
2026-03-07 05:05:53,"[145, 157, 451, 554, 656, 664, 1026, 1092, 1277, 1500, 1558, 1780, 2043, 2340, 2413, 3103, 3171, 3173, 3198, 3267]",[themes] Make it possible to import themes from https://studiostyl.es/,Make it possible to import / convert color themes from https://studiostyl.es/.,feature,feature
2026-03-07 05:05:54,"[145, 157, 451, 554, 656, 664, 1026, 1092, 1277, 1500, 1558, 1780, 2043, 2340, 2413, 3103, 3171, 3173, 3198, 3267]",Build and Run From Source for Ubuntu: directory vscode not created,"This issue relates to
[https://github.com/Microsoft/vscode/wiki/How-to-Contribute#build-and-run-from-source](https://github.com/Microsoft/vscode/wiki/How-to-Contribute#build-and-run-from-source).
I just wanted to build VS Code from scratch on an Ubuntu box (14.04). After having executed the recommended command
git clone https://github.com/microsoft/vscode
trying to execute
cd vscode && npm install -g mocha gulp
returned the error message
vscode: No such file or directory
However: The hidden directory .vscode has been created. It seems to be a tiny typo. So I would like to ask the team to look into this.",question,bug
2026-03-07 05:05:54,"[145, 157, 451, 554, 656, 664, 1026, 1092, 1277, 1500, 1558, 1780, 2043, 2340, 2413, 3103, 3171, 3173, 3198, 3267]",Editor scroll bar has its bottom aligned to mouse the first time the mouse is moved on long files,"- VSCode Version: Code - Insiders 1.12.0-insider (0834f15e86ef8359da9fbcf95d49083001af65c3, 2017-05-03T15:02:36.792Z)
- OS Version: Linux x64 4.10.0-20-generic
- Extensions:
|Extension|Author|Version|
|EditorConfig|EditorConfig|0.9.3|
|lorem-ipsum|Tyriar|1.0.0|
|theme-sapphire|Tyriar|0.1.0|
|vscode-svgviewer|cssho|1.4.0|
|tslint|eg2|0.12.0|
|git-project-manager|felipecaputo|1.3.2|
|md-navigate|jrieken|0.0.1|
|vscode-scss|mrmlnc|0.6.2|
|seti-icons|qinjia|0.1.3|;
![out](https://cloud.githubusercontent.com/assets/2193314/25690872/6d0c0cda-304a-11e7-87cb-6b0b7635b7e9.gif)
The file opened is 2378 lines long: https://github.com/sourcelair/xterm.js/blob/master/src/xterm.js",bug,bug
2026-03-07 05:05:55,"[145, 157, 451, 554, 656, 664, 1026, 1092, 1277, 1500, 1558, 1780, 2043, 2340, 2413, 3103, 3171, 3173, 3198, 3267]",WebviewPanel Webview postMessage doesn't post a message,"Testing https://github.com/microsoft/vscode/issues/47534
The existing doRefactor method in the coding cat sample doesn't successfully post a message. If you put a console.log() in onDidReceiveMessage you'll see that the message never reaches that point when you run the Refactor command.",question,bug
2026-03-07 05:05:55,"[145, 157, 451, 554, 656, 664, 1026, 1092, 1277, 1500, 1558, 1780, 2043, 2340, 2413, 3103, 3171, 3173, 3198, 3267]",Right Click Bug in terminal,"when i tried to right click in terminal it is showing some random stuff
VS Code version: Code 1.63.2 (899d46d82c4c95423fb7e10e68eba52050e30ba3, 2021-12-15T09:40:02.816Z)
OS version: Windows_NT x64 10.0.19043
Restricted Mode: No
<details>
<summary>System Info</summary>
|Item|Value|
|CPUs|AMD Ryzen 5 4500U with Radeon Graphics          (6 x 2371)|
|GPU Status|2d_canvas: enabled<br>gpu_compositing: enabled<br>multiple_raster_threads: enabled_on<br>oop_rasterization: enabled<br>opengl: enabled_on<br>rasterization: enabled<br>skia_renderer: enabled_on<br>video_decode: enabled<br>vulkan: disabled_off<br>webgl: enabled<br>webgl2: enabled|
|Load (avg)|undefined|
|Memory (System)|7.39GB (1.69GB free)|
|Process Argv|--crash-reporter-id d9ab7aa9-4029-4215-9486-a0787918be87|
|Screen Reader|no|
|VM|0%|
</details><details><summary>Extensions (12)</summary>
Extension|Author (truncated)|Version
code-runner|for|0.11.6
python|ms-|2021.12.1559732655
vscode-pylance|ms-|2022.1.0
jupyter|ms-|2021.11.1001550889
cpptools|ms-|1.7.1
java|red|1.2.0
vscodeintellicode|Vis|1.2.15
vscode-java-debug|vsc|0.37.0
vscode-java-dependency|vsc|0.18.9
vscode-java-pack|vsc|0.20.0
vscode-java-test|vsc|0.33.1
vscode-maven|vsc|0.34.2
</details><details>
<summary>A/B Experiments</summary>
```
vsliv368cf:30146710
vsreu685:30147344
python383:30185418
vspor879:30202332
vspor708:30202333
vspor363:30204092
vswsl492:30256859
pythontb:30283811
pythonptprofiler:30281270
vshan820:30294714
vstes263:30335439
vscoreces:30384385
pythondataviewer:30285071
vscod805:30301674
pythonvspyt200:30340761
binariesv615:30325510
bridge0708:30335490
bridge0723:30353136
vsaa593cf:30376535
pythonvs932:30410667
vscop804:30404766
vs360cf:30404996
vsrem710cf:30416617
py55gd98:30419165
vscexrecpromp3c:30407761

```
</details>",question,bug
2026-03-07 05:05:55,"[145, 157, 451, 554, 656, 664, 1026, 1092, 1277, 1500, 1558, 1780, 2043, 2340, 2413, 3103, 3171, 3173, 3198, 3267]",Faild save file in vscode,"I have a problem with not saving the code in VS Code
I have Windows 10 operating system and have ESET
And when I want to save the code with an error
# Failed to save file: Insufficient permissions. Select 'Retry as Admin' to retry as administrator
How can I fix the problem?
![Clipboard - July 14, 2022 7_10 AM](https://user-images.githubusercontent.com/95543059/179339230-7eee032d-ea11-404f-b029-1ee1eb22e740.png)",question,bug
2026-03-07 05:05:56,"[145, 157, 451, 554, 656, 664, 1026, 1092, 1277, 1500, 1558, 1780, 2043, 2340, 2413, 3103, 3171, 3173, 3198, 3267]",More complete Unity,"It's just OmniSharp and C# support, not Unity integration. Even with using a Unity Editor Plugin, nothing changes: We have only C# support without UnityEngine.UI, UnityEngine.EventSystems, UnityEngine.\* and UnityEditor namespaces!
Also we don't have any Boo or UnityScript support when we're using VS Code, So we had to switch back to the MonoDevelop.
What Unity Community wants from Visual Studio Code is:
1. Implementing UnityScript and Boo Support
2. Fixing assembly referencing problems (specially for UnityEngine.UI, but I think that it's a Unity problem, not an OmniSharp bug)
3. Intellisense for Boo and UnityScript (by using Roslyn, since they're .NET languages)",feature,feature
2026-03-07 05:05:56,"[145, 157, 451, 554, 656, 664, 1026, 1092, 1277, 1500, 1558, 1780, 2043, 2340, 2413, 3103, 3171, 3173, 3198, 3267]","Prevent default ""close editor"" behavior of going to previously opened editor","When closing an editor/tab in VSCode, it navigates back to the previous editor/tab you were using. Compare this behavior to Firefox or Chrome, which simply go to the next tab to the right.
This can be annoying, because it depends on state that is not visible. If possible, could you create a setting that depends on the horizontal locations of the tabs? This may be more predictable.",question,feature
2026-03-07 05:05:57,"[145, 157, 451, 554, 656, 664, 1026, 1092, 1277, 1500, 1558, 1780, 2043, 2340, 2413, 3103, 3171, 3173, 3198, 3267]",debug button suddenly appears inside  editor with json code,"1. Open package.json
![Alt text](https://i.imgur.com/EqTued3.png ""screenshot"")
the button works as expected -  starts debugging))
file:
""name"": ""******"",
""version"": ""0.0.1atr"",
""description"": """",
""author"": """",
""scripts"": {
""test"": ""echo \""Error: no test specified\"" && exit 1""
""license"": ""MIT""
VS Code version: Code 1.60.0 (e7d7e9a9348e6a8cc8c03f877d39cb72e5dfb1ff, 2021-09-01T10:43:02.136Z)
OS version: Linux x64 5.10.25r5n4
Restricted Mode: No
<details>
<summary>System Info</summary>
|Item|Value|
|CPUs|AMD Ryzen 3 1200 Quad-Core Processor (4 x 1398)|
|GPU Status|2d_canvas: enabled<br>gpu_compositing: enabled<br>multiple_raster_threads: enabled_on<br>oop_rasterization: disabled_off<br>opengl: enabled_on<br>rasterization: disabled_software<br>skia_renderer: enabled_on<br>video_decode: disabled_software<br>vulkan: disabled_off<br>webgl: enabled<br>webgl2: enabled|
|Load (avg)|1, 1, 1|
|Memory (System)|11.63GB (1.58GB free)|
|Process Argv|--unity-launch --crash-reporter-id 5021d1f0-14be-476c-a851-4a45052ccc5f|
|Screen Reader|no|
|VM|0%|
|DESKTOP_SESSION|cinnamon|
|XDG_CURRENT_DESKTOP|X-Cinnamon|
|XDG_SESSION_DESKTOP|cinnamon|
|XDG_SESSION_TYPE|x11|
</details><details><summary>Extensions (42)</summary>
Extension|Author (truncated)|Version
project-manager|ale|12.4.0
code-gnu-global|aus|0.2.2
vscode-intelephense-client|bme|1.7.1
php-pack|fel|1.0.2
code-runner|for|0.11.5
vscode-javac|geo|0.2.39
terraform|has|2.14.0
kubernetes-snippets|ipe|0.1.9
jenkins-pipeline-linter-connector|jan|1.2.0
better-cpp-syntax|jef|1.15.6
vscode-phpfmt|kok|1.0.30
kubernetes-templates|lun|1.3.0
jenkins-doc|Maa|1.7.0
groovy|Mel|1.0.0
vscode-docker|ms-|1.16.1
vscode-kubernetes-tools|ms-|1.3.3
python|ms-|2021.9.1218897484
vscode-pylance|ms-|2021.9.1
jupyter|ms-|2021.8.2041215044
jupyter-keymap|ms-|1.0.0
remote-containers|ms-|0.194.0
remote-ssh|ms-|0.65.7
remote-ssh-edit|ms-|0.65.7
azure-account|ms-|0.9.8
cpptools|ms-|1.6.0
cpptools-extension-pack|ms-|1.0.0
live-server-preview|neg|0.1.4
vscode-groovy-lint|Nic|1.4.0
md-template|oGr|2.0.1
platformio-ide|pla|2.3.3
java|red|0.81.0
vscode-commons|red|0.0.6
vscode-yaml|red|0.22.0
jenkinsfile-support|sec|0.1.0
ms-teams-vscode-extension|Tea|2.6.0
autocomplate-shell|tru|0.1.1
vscode-java-debug|vsc|0.35.0
vscode-java-pack|vsc|0.18.4
vscode-maven|vsc|0.33.0
vscode-icons|vsc|11.6.0
debug|web|0.25.1
json|Zai|2.0.2
</details><details>
<summary>A/B Experiments</summary>
```
vsliv368:30146709
vsreu685:30147344
python383:30185418
pythonvspyt602:30300191
vspor879:30202332
vspor708:30202333
vspor363:30204092
pythonvspyt639:30300192
pythontb:30283811
pythonvspyt551cf:30345471
pythonptprofiler:30281270
vshan820:30294714
vstes263:30335439
pythondataviewer:30285071
pythonvsuse255:30340121
vscod805:30301674
pythonvspyt200:30340761
vscextlangct:30333562
binariesv615:30325510
vsccppwtct:30364498
pythonvssor306:30344512
bridge0708:30335490
pygetstartedc2:30360494
bridge0723:30353136
pythonrunftest32:30364559
pythonf5test824cf:30361778
javagetstartedc:30364665
pythonvspyt187cf:30362783
pydsgsc2:30361791
vscus224cf:30358040
vssid140:30363603

```
</details>",question,bug
2026-03-07 05:05:57,"[145, 157, 451, 554, 656, 664, 1026, 1092, 1277, 1500, 1558, 1780, 2043, 2340, 2413, 3103, 3171, 3173, 3198, 3267]",Polyglot Notebooks: keyboard shortcuts prevent using  HTML input fields in cell outputs,"I can not use input fields in HTML being displayed as a notebook cell output (red rectangles below).
For these input fields, notebook keyboard shortcuts are applied when I try to type a text.
As a result, many letters are not taken into account or even break the whole cell (M will change it to markdown, and X will cut off).
It looks like `!inputFocus` _when clause_ that should prevent such keyboard shortcuts is targeted only for cell input but not for cell output.
I think a new clause should be introduced that makes HTML input fields be usable in notebook cell outputs.
![image](https://user-images.githubusercontent.com/56049414/221302576-396fddc2-c422-4890-8449-36b3d6b39cda.png)
![image](https://user-images.githubusercontent.com/56049414/221303516-ff39c493-0c7a-4884-904c-5e2e194d8d4c.png)",bug,feature
2026-03-07 05:05:58,"[145, 157, 451, 554, 656, 664, 1026, 1092, 1277, 1500, 1558, 1780, 2043, 2340, 2413, 3103, 3171, 3173, 3198, 3267]",Add support for letter-spacing in TextEditorDecorationType,"Hello,
Is it possible to add letter-spacing property when you want to customize text decoration ?
I'd like to reduce the width of // for readability for example.",feature,feature
2026-03-07 05:05:58,"[145, 157, 451, 554, 656, 664, 1026, 1092, 1277, 1500, 1558, 1780, 2043, 2340, 2413, 3103, 3171, 3173, 3198, 3267]",Where VSCode save the selected theme,is there any place where visual studio code set the current theme in file ? so i can retrieve it from there.,question,feature
2026-03-07 05:05:58,"[145, 157, 451, 554, 656, 664, 1026, 1092, 1277, 1500, 1558, 1780, 2043, 2340, 2413, 3103, 3171, 3173, 3198, 3267]",[Git] Attempting to rebase interactively with VSC set as default editor does not display all commits,"As the title says. I swapped my default editor and the commits were shown correctly elsewhere.
I'll note that this is while using VSC terminal
- VSCode Version: Code 1.10.2 (8076a19fdcab7e1fc1707952d652f0bb6c6db331, 2017-03-08T14:02:52.799Z)
- OS Version: Windows_NT ia32 10.0.14393
- Extensions:
|Extension|Author|Version|
|project-manager|alefragnani|0.13.5|
|vscode-node-readme|bengreenier|1.0.7|
|beautify|HookyQR|1.0.2|
|vscode-exec-node|miramac|0.2.8|
|vscode-icons|robertohuertasm|7.4.0|;
1. Set default editor to VSC :  git config --global core.editor ""code""
2. Go into Git repo and rebase interactively : git rebase -i head~n
3. View commits in new window
4. Abort rebase: git rebase --abort
5. Change default editor to whatever
6. Redo steps 2,3",question,bug
2026-03-07 05:05:59,"[145, 157, 451, 554, 656, 664, 1026, 1092, 1277, 1500, 1558, 1780, 2043, 2340, 2413, 3103, 3171, 3173, 3198, 3267]",yo code fails immediately,"- VSCode Version: 1.8
- OS Version: Windows 10
1. npm install -g yo
2. npm install -g generator-code
3. yo code
yo code
C:\Users\ray\AppData\Roaming\npm\node_modules\yo\node_modules\configstore\index.js:69
throw err;
Error: EPERM: operation not permitted, rename 'C:\Users\ray\.config\configstore\insight-yo.json.4205171772' -> 'C:\Users\ray\.config\configstore\insight-yo.json'
at Error (native)
at Object.fs.renameSync (fs.js:809:18)
at Function.writeFileSync [as sync] (C:\Users\ray\AppData\Roaming\npm\node_modules\yo\node_modules\write-file-atomic\index.js:95:8)
at Object.set (C:\Users\ray\AppData\Roaming\npm\node_modules\yo\node_modules\configstore\index.js:62:21)
at Object.Configstore.set (C:\Users\ray\AppData\Roaming\npm\node_modules\yo\node_modules\configstore\index.js:93:11)
at Insight.set (C:\Users\ray\AppData\Roaming\npm\node_modules\yo\node_modules\insight\lib\index.js:50:15)
at Object.<anonymous> (C:\Users\ray\AppData\Roaming\npm\node_modules\yo\lib\cli.js:184:18)
at Module._compile (module.js:570:32)
at Object.Module._extensions..js (module.js:579:10)
at Module.load (module.js:487:32)
This smells like a npm issue, not Yeoman or Microsoft's generator, but figured I'd start here. :)",question,bug
2026-03-07 05:05:59,"[145, 157, 451, 554, 656, 664, 1026, 1092, 1277, 1500, 1558, 1780, 2043, 2340, 2413, 3103, 3171, 3173, 3198, 3267]",An unhandled exception occurred: Unexpected token 'export',"An unhandled exception occurred: Unexpected token 'export'
See ""C:\Users\Tejas\AppData\Local\Temp\ng-0SDFkH\angular-errors.log"" for further details.
im getting this error but befor this my all code was working fine but then this error came.Whenever i ng s--project=projectname run this in itegrated terminal above error comes in all my project please help me to find solution.
VS Code version: Code 1.55.1 (08a217c4d27a02a5bcde898fd7981bda5b49391b, 2021-04-07T15:06:02.360Z)
OS version: Windows_NT x64 10.0.18363
<details><summary>Extensions (6)</summary>
Extension|Author (truncated)|Version
vscode-eslint|dba|2.1.19
docs-images|doc|0.0.9
vscode-optimize-images|fab|1.1.0
LiveServer|rit|5.6.1
open-in-browser|tec|2.0.0
vscode-icons|vsc|11.4.0
</details><details>
<summary>A/B Experiments</summary>
```
vsliv368:30146709
vsreu685:30147344
python383cf:30185419
vspyt653:30270858
vspor879:30202332
vspor708:30202333
vspor363:30204092
vswsl492:30256859
vstry244:30276681
pythonvsdeb440:30248342
pythonvsded773:30248341
pythonvspyt875:30259475
pythonvspyt639:30281910
pythontb:30283811
openwsldoc:30282072
vspre833:30267464
pythonptprofiler:30281270
vshan820cf:30276953
vscoreces:30285483
pythondataviewer:30285071
vscus158:30286553

```
</details>",question,bug
2026-03-07 05:05:59,"[145, 157, 451, 554, 656, 664, 1026, 1092, 1277, 1500, 1558, 1780, 2043, 2340, 2413, 3103, 3171, 3173, 3198, 3267]",windows installer,"I am sorry to ask this here as it is not really a VSCode issue, but i think it can be useful to the whole Electron community.
My question is how did you manage to have such a small windows installer? 30Mo is really low.
And your executable is only 56Mo.
In my project my executable is already 80Mo and the installer (squirrel) is 62Mo.
And i already clean most of the node_modules files.
I have looked at the code and couldn't find the win installer build script so i thought i should ask.",question,bug
2026-03-07 05:06:00,"[145, 157, 451, 554, 656, 664, 1026, 1092, 1277, 1500, 1558, 1780, 2043, 2340, 2413, 3103, 3171, 3173, 3198, 3267]",Configurable width of indentation spaces,"**Description:**
Often I need to be working on a code that is indented by two spaces, however, it is really hard for me to work with code indented by two spaces. What I would like to be able to do is increase the indentation visually. Now I am not talking about replacing the two spaces with four spaces, but increasing the width of the space character when it's used as indentation. Basically render the width of all spaces at the beginning of a line with a respect to a predefined scale.
**An example:**
I have a file `index.js` with an indentation of 2 spaces.
```js
if (THIS_FEATURE_IS_IMPLEMENTED) {
  console.log('I am happy!');
} else {
  console.log('I am sad...');
}
```
After setting the scale of an indentation space to `2`, I would end up with the file **looking** like it is indented (but not actually) by four spaces.
```js
if (THIS_FEATURE_IS_IMPLEMENTED) {
    console.log('I am happy!');
} else {
    console.log('I am sad...');
}
```
Could work similarly to how the project tree indentation setting works.
I have not found any extension that I could accomplish this with. If there is such an extension, please let me know.
**EDIT:**
There is actually an extension for this, though I still would love this feature to be built directly into VS Code.
https://marketplace.visualstudio.com/items?itemName=kylepaulsen.stretchy-spaces",feature,feature
2026-03-07 05:06:00,"[145, 157, 451, 554, 656, 664, 1026, 1092, 1277, 1500, 1558, 1780, 2043, 2340, 2413, 3103, 3171, 3173, 3198, 3267]","Have the cursor change to a spinner during important, long-running operations for extension developers","> Giving extensions direct control over the cursor goes against VS Code's api philosophy: https://code.visualstudio.com/api/extension-capabilities/overview
> [Instead please open feature requests for individual cases you'd like to see supported. For a long running operation for example, typically extensions would hand VS Code a long running task and then we would figure out how to present process status to the user. That way it's consistent across extensions and languages](https://github.com/microsoft/vscode/issues/146593#issuecomment-1086371853)
How do you feel about letting extension developers signal to VSCode that a particular action is important?
This is a very, very rough draft of what this might look like.
```ts
import { updateMouse } from 'vscode';

// The mouse cursor or pointer in VSCode
// is a ""spinner"" while this command is in process
updateMouse.exec('important command', (
  error: ExecException | null,
  stdout: string,
  stderr: string
) => {
  if (error) {
    // Displays a red x, like ❌,
    // as a subscript on the cursor, temporarily
    updateMouse.subscript = updateMouse.failure;
    // ...
  } else {
    // Displays a green check mark, like ✔,
    // as a subscript on the cursor, temporarily
    updateMouse.subscript = updateMouse.success;
    // ...
  }
  // ...
});
```",feature,feature
2026-03-07 05:06:00,"[145, 157, 451, 554, 656, 664, 1026, 1092, 1277, 1500, 1558, 1780, 2043, 2340, 2413, 3103, 3171, 3173, 3198, 3267]",trimAutoWhitespace doesn'n work on Windows 7,"- VSCode Version: 1.2.1
- OS Version: Windows 7
1. Open code in an empty folder.
2. Configure trimAutoWhitespace to true
3. Create a new js file and fill with some valid code.
4. Add some whitespaces at the end of some lines or at beggining.
5. Save the file.
It should remove unnecessary  whitespaces but it doesn't.
I tried with all autoSave options",question,bug
2026-03-07 05:06:01,"[145, 157, 451, 554, 656, 664, 1026, 1092, 1277, 1500, 1558, 1780, 2043, 2340, 2413, 3103, 3171, 3173, 3198, 3267]",Terminal  shortcuts,"I open the terminal frecuently the problem is that before this update  I have to do 2 clicks, and now I have to do 3 clicks for the same task.  I've seen that for splitting the terminal theres is shortcut ctr + shift + 5. WHERE IS THE SHORTCUT FOR TERMINAL?  Ctrl Shif +c is not working   at list in ubuntu. I think that this is more important than Edit, Selection menu that appears at the first sight.
VS Code version: Code 1.97.2 (e54c774e0add60467559eb0d1e229c6452cf8447, 2025-02-12T23:20:35.343Z)
OS version: Linux x64 6.8.0-52-generic snap
Modes:",question,bug
2026-03-07 05:06:01,"[145, 157, 451, 554, 656, 664, 1026, 1092, 1277, 1500, 1558, 1780, 2043, 2340, 2413, 3103, 3171, 3173, 3198, 3267]",Disable Lightbulb and 3 Notification Dots Are Still There,"I am doing a bit of Discord Node.js development, and VSCode keeps wanting me to change my `.require()` statements into ES6 `import` with the 3 little dots and lightbulb. This was annoying to me, so I decided to disable it. However, the 3 little notification dots under one of my require statements are still there, despite the lightbulb being disabled.
(Before)
![screen shot 2018-05-04 at 10 48 37 pm](https://user-images.githubusercontent.com/35985028/39659025-6bd17990-4fed-11e8-99e3-b22ba2aebefd.png)
(After)
![screen shot 2018-05-04 at 10 48 53 pm](https://user-images.githubusercontent.com/35985028/39659026-727a7d6e-4fed-11e8-9879-98b08353c94e.png)
![screen shot 2018-05-04 at 10 52 12 pm](https://user-images.githubusercontent.com/35985028/39659049-d88bb488-4fed-11e8-97d8-0843877fcb41.png)
- VSCode Version: 1.23.0
- OS Version: 10.13.4
1. Change preferences to disable editor lightbulb
2. 3 notification dots are still present
Does this issue occur when all extensions are disabled?: Yes",question,bug
2026-03-07 05:06:01,"[145, 157, 451, 554, 656, 664, 1026, 1092, 1277, 1500, 1558, 1780, 2043, 2340, 2413, 3103, 3171, 3173, 3198, 3267]",Sidebar items folding,"The folding is very inconvenient for multiple panes/items . If a pane is pushed by other, it will keep the new size .
The panes is mainly resized in long term, based on their purpose . So this behavior results in requirement to never get them pushed . That doesn't allow to use more panes than fit in the pane that is closer to the other end of the list *<sup
title=""(other than the one on side they unfolded from)"" style=""color:dodgerBlue;""><b>(i)</b></sup>* . And means that when any pane is temporally resized, it has to be resized back to avoid the 'sub-panes' size growing .
Please make the panes: remember their size that've been set by resizing them with the up border/end, and try to restore it always when there is free space left in relation to the other unfolded panes' setting/preference sizes .",feature,feature
2026-03-07 05:06:02,"[145, 157, 451, 554, 656, 664, 1026, 1092, 1277, 1500, 1558, 1780, 2043, 2340, 2413, 3103, 3171, 3173, 3198, 3267]",Missing Sublime Text command - expand selection to scope,"While building this [extension](https://marketplace.visualstudio.com/items?itemName=ms-vscode.sublime-keybindings) to map Sublime Text default keyboard shortcuts to VS Code, I found that this feature is missing.
The feature is split selection into lines.
**Default Sublime Text keybindings**
Windows / Linux: <kbd>ctrl</kbd>+<kbd>shift</kbd>+<kbd>space</kbd>
Mac: <kbd>cmd</kbd>+<kbd>shift</kbd>+<kbd>space</kbd>
![expand_selection_by_scope](https://cloud.githubusercontent.com/assets/2449568/19566165/22e0b55c-969e-11e6-83ec-2ee96c932345.gif)
Today an [extension](https://marketplace.visualstudio.com/items?itemName=letrieu.expand-region) exists that provides this feature. I believe we should bring this into the product.",feature,feature
2026-03-07 05:06:02,"[145, 157, 451, 554, 656, 664, 1026, 1092, 1277, 1500, 1558, 1780, 2043, 2340, 2413, 3103, 3171, 3173, 3198, 3267]",Windows keybinding with REST extension,"- VSCode Version: 1.9.0-insider (Date 2017-01-18)
- OS Version: Windows 10
1. Install REST extension
2. Keybinding is: { ""key"": ""ctrl+alt+e"",            ""command"": ""rest-client.switch-environment"" },
The problem:
When I press: AltGr+e the command is executed.
Normally I should get special letter that is bonded with national keyboard mapping in Windows.
The issue has possibly two aspects:
1. The command for REST extension should not be executed as it's ctrl+alt+e not alt-e
2. The key binding AltGr+<char> is not differentiated from Alt+<char> - i believe this is related to issue: https://github.com/Microsoft/vscode/issues/17521",question,bug
2026-03-07 05:06:02,"[145, 157, 451, 554, 656, 664, 1026, 1092, 1277, 1500, 1558, 1780, 2043, 2340, 2413, 3103, 3171, 3173, 3198, 3267]",Problems with Automatic Updates on Windows,"**VSCode Version: 1.8.-insider**
- VS Code insider from yesterday. Run check for Updates and VS Code exits / crashes after ~1 Minute.
- Updated VS Code by downloading the latest installer and run it
- Executed Update again
- VS Code doesn't exit, however the Menu stays on 'Checking for updates' forever.
![capture](https://cloud.githubusercontent.com/assets/1931590/21176644/f5291990-c1e7-11e6-8a40-1d155996076d.png)",bug,bug
2026-03-07 05:06:03,"[145, 157, 451, 554, 656, 664, 1026, 1092, 1277, 1500, 1558, 1780, 2043, 2340, 2413, 3103, 3171, 3173, 3198, 3267]","Terminal locked by git show unti you press ""q""","Running `git show` in the terminal (bash/powershell/cmd) makes it impossible to enter any  additional commands. You have to press ""q"" or manually kill and reopen the terminal. See https://stackoverflow.com/questions/1696433/how-to-exit-a-git-status-list-in-terminal
VS Code version: Code 1.23.1 (d0182c3417d225529c6d5ad24b7572815d0de9ac, 2018-05-10T17:11:17.614Z)
OS version: Windows_NT x64 10.0.16299
<details>
<summary>System Info</summary>
|Item|Value|
|CPUs|Intel(R) Core(TM) i5-6200U CPU @ 2.30GHz (4 x 2400)|
|GPU Status|2d_canvas: enabled<br>flash_3d: enabled<br>flash_stage3d: enabled<br>flash_stage3d_baseline: enabled<br>gpu_compositing: enabled<br>multiple_raster_threads: enabled_on<br>native_gpu_memory_buffers: disabled_software<br>rasterization: disabled_software<br>video_decode: enabled<br>video_encode: enabled<br>vpx_decode: unavailable_software<br>webgl: enabled<br>webgl2: enabled|
|Memory (System)|7.90GB (3.59GB free)|
|Process Argv|C:\Program Files\Microsoft VS Code\Code.exe|
|Screen Reader|no|
|VM|0%|
</details>Extensions: none",question,bug
2026-03-07 05:06:05,"[145, 157, 451, 554, 656, 664, 1026, 1092, 1277, 1500, 1558, 1780, 2043, 2340, 2413, 3103, 3171, 3173, 3198, 3267]",Editor - Bring back getModeAtPosition() semantics,"Since we extracted HTML into an extension, getModeAtPosition always returns the top-level mode/language and not the nested one.
TODO:",feature,feature
2026-03-07 05:06:06,"[145, 157, 451, 554, 656, 664, 1026, 1092, 1277, 1500, 1558, 1780, 2043, 2340, 2413, 3103, 3171, 3173, 3198, 3267]",Show/hide panel buttons missing,"Does this issue occur when all extensions are disabled?: Yes
- VS Code Version: 1.66
- OS Version: Windows 10
1. Start VScode
There are now panel buttons (or whatever they are called) in the title bar:
![image](https://user-images.githubusercontent.com/152227/161935243-7b1282cc-9885-460a-9c60-e8c4c539719e.png)
Without the possibility to hide them. In my eyes, they add only noise, because I would use them once to set up the window layout to my liking, and then never having to use them ever again.
So:
1. There wasn't a need to have them *that* prominently in plain view.",question,bug
2026-03-07 05:06:06,"[145, 157, 451, 554, 656, 664, 1026, 1092, 1277, 1500, 1558, 1780, 2043, 2340, 2413, 3103, 3171, 3173, 3198, 3267]",Shift+Alt Keyboard Shortcut Broke when VSCode Updated to 1.13.1,"- VSCode Version: Code 1.13.1 (379d2efb5539b09112c793d3d9a413017d736f89, 2017-06-14T18:21:47.485Z)
- OS Version: Windows_NT ia32 10.0.14393
- Extensions:
|Extension|Author|Version|
|vscode-hasher|deerawan|1.0.1|
|vscode-pandoc|DougFinke|0.0.8|
|csharp|ms-vscode|1.10.0|;
1.  Open VSCode 1.13.1 Editor
2.  Enter a few lines of text
3.  Click to place the text cursor into one of the lines of text
4.  Use the Shift+Alt keyboard shortcut to initiate Multi-Cursor mode
5.  Click the up or down arrow to extend the multi-cursor to the next or previous line
OOPS, instead of working properly, a clone of the current line of text is inserted!
I tried Windows 7 and Windows 10.  I tried rebooting those.
Visual Studio 2015 and Visual Studio 2017 work fine in the same session side by side with VSCode not working correctly.
I was previously using VSCode multi-cursor editing as recently as yesterday until the 1.13.1 update.
How do I restore normal multi-cursor keyboard shortcuts to work like Visual Studio 2017 like before?
or What are the new shortcuts?
I'm posting this as an issue because it was unexpected loss of a very useful VSCode feature and it is now inconsistent with regards to the same feature in Visual Studio.",question,bug
2026-03-07 05:06:06,"[145, 157, 451, 554, 656, 664, 1026, 1092, 1277, 1500, 1558, 1780, 2043, 2340, 2413, 3103, 3171, 3173, 3198, 3267]",Notebook implementation in core (rendering / editor features),"Follow up of https://github.com/microsoft/vscode/issues/88243, and the work is now happening in https://github.com/microsoft/vscode/pull/86632 . We will build a solid implementation of Notebook Editor in the core this iteration based on the [feature list](https://github.com/rebornix/notebook-test/blob/master/roadmap.ipynb) we curated.
We will focus on the rendering of inputs/outputs and basic cell manipulation commands first and then explore how to support editor features in native notebook editor. At the same time we should move off workarounds in the prototype to ensure the PR in a mergeable state.
- Rendering
- Outputs Mimetypes
- Metadata
- Cell Manipulation
- Editor features
- Engineering
- List View
- Webview
- CodeEditorWidget",feature,feature
2026-03-07 05:06:06,"[145, 157, 451, 554, 656, 664, 1026, 1092, 1277, 1500, 1558, 1780, 2043, 2340, 2413, 3103, 3171, 3173, 3198, 3267]",Suggestion:,"When running just `code` without any argv's in the terminal, open the directory you're currently in. Then you can do `code plain` or something like such to open VSC without any directories.",question,feature
2026-03-07 05:06:07,"[145, 157, 451, 554, 656, 664, 1026, 1092, 1277, 1500, 1558, 1780, 2043, 2340, 2413, 3103, 3171, 3173, 3198, 3267]",console.log(typeOfInput === 'string'),"giving me incorrect output
string
string
false
true
VS Code version: Code 1.70.0 (da76f93349a72022ca4670c1b84860304616aaa2, 2022-08-04T04:38:16.462Z)
OS version: Windows_NT x64 6.3.9600
Modes:
<details>
<summary>System Info</summary>
|Item|Value|
|CPUs|Intel(R) Pentium(R) CPU 2020M @ 2.40GHz (2 x 2395)|
|GPU Status|2d_canvas: enabled<br>canvas_oop_rasterization: disabled_off<br>direct_rendering_display_compositor: disabled_off_ok<br>gpu_compositing: enabled<br>multiple_raster_threads: disabled_off<br>opengl: enabled_on<br>rasterization: enabled<br>raw_draw: disabled_off_ok<br>skia_renderer: enabled_on<br>video_decode: unavailable_off<br>video_encode: unavailable_off<br>vulkan: disabled_off<br>webgl: enabled<br>webgl2: enabled|
|Load (avg)|undefined|
|Memory (System)|9.90GB (4.83GB free)|
|Process Argv|--crash-reporter-id 715af55c-2f9a-4100-9f00-36166fc79948|
|Screen Reader|no|
|VM|0%|
</details><details><summary>Extensions (1)</summary>
Extension|Author (truncated)|Version
vscode-docker|ms-|1.22.1
</details><details>
<summary>A/B Experiments</summary>
```
vsliv368:30146709
vsreu685:30147344
python383cf:30185419
vspor879:30202332
vspor708:30202333
vspor363:30204092
vswsl492cf:30256860
vslsvsres303:30308271
pythonvspyl392:30443607
vserr242:30382549
pythontb:30283811
vsjup518:30340749
pythonvspyt551:30345470
pythonptprofiler:30281270
vsdfh931cf:30280410
vshan820:30294714
vstes263:30335439
pythondataviewer:30285071
vscod805cf:30301675
binariesv615:30325510
bridge0708:30335490
bridge0723:30353136
vsaa593cf:30376535
pythonvs932:30410667
wslgetstarted:30449410
cppdebug:30492333
pylanb8912cf:30529770
vsclangdc:30486549
c4g48928:30535728
hb751961:30543456
dsvsc012:30540252

```
</details>",question,bug
2026-03-07 05:06:07,"[145, 157, 451, 554, 656, 664, 1026, 1092, 1277, 1500, 1558, 1780, 2043, 2340, 2413, 3103, 3171, 3173, 3198, 3267]",Click & drag menu items should just work,"In a native menu, if you start dragging from a menu item on top of another one, the latter one will execute. The current implementation executes neither.",bug,feature
2026-03-07 05:06:08,"[145, 157, 451, 554, 656, 664, 1026, 1092, 1277, 1500, 1558, 1780, 2043, 2340, 2413, 3103, 3171, 3173, 3198, 3267]",Mac OS Mojave,"Hi, man I am a Mac user and I don't have enough information about using electron or other things. I downloaded vs code today. And I want to make vs code background transparent as u did in the post. There is not any video for making it transparent. Since I don't know how to re-build vs code I did not be able to make vs code transparent. PLEASE, PLEASE make a video tutorial from beginner to the end on how to make vs code transparent. It looks easy for you to make it but I am sure that it is really hard for a beginner programmers like me. I hope you will reply to me. Have a nice day",question,bug
2026-03-07 05:06:08,"[145, 157, 451, 554, 656, 664, 1026, 1092, 1277, 1500, 1558, 1780, 2043, 2340, 2413, 3103, 3171, 3173, 3198, 3267]",Extension remains disabled after extension bisect,"- VS Code Version: 1.92.2
- OS Version: Manjaro Linux
To reproduce:
- make sure you have an extension that causes an issue (or make sure you have a bunch of extensions installed and just fake the following steps)
- Start an Extension bisect
- When the popup asks whether you can reproduce the issue, say Yes when it reproduces, and No when it doesn't
- you get to the end of the extension bisect and get an answer that says ""bla bla bla has identified the extension Whatever as causing the issue  bla bla bla""
Expected: once I'm done with the extension bisect, all the extensions that were enabled before the extension bisect should be re-enabled. EVERYTHING should be as it was before the extension bisect started.
OR, you may prompt me and ASK ME to choose whether to return all extensions to their enabled/disabled status as they were before  the extension bisect, or leave disabled the one that has been identified as culprit to the issue.
Or AT THE VERY LEAST if you're going to unilaterally decide to disable the extension that was identified as causing the issue, then at least warn me of this.
Observed: the extension that was disabled during extension bisect remains disabled, WITH NO WARNING.",question,bug
2026-03-07 05:06:08,"[145, 157, 451, 554, 656, 664, 1026, 1092, 1277, 1500, 1558, 1780, 2043, 2340, 2413, 3103, 3171, 3173, 3198, 3267]",VSCode can't find binaries in my path (eslint),"- VSCode Version: 1.8.0
- OS Version: Archlinux
Hi,
I have some binaries such as eslint, jshint or tslint in a user defined binary directory (`/home/user/.config/yarn/global/node_modules/.bin/`).
This directly is added to the `PATH` at session startup and is visible to vscode.
I checked in the `/proc/pid/environ` file of my running vscode (actually I checked the process that run the jshint server as well as the one for the workspace) that it has the PATH environment variable correctly set.
Still, when I open a `.js` file, I get the following message:
![image](https://cloud.githubusercontent.com/assets/160975/21218484/1ff5b948-c2b1-11e6-8a80-b84be1f166c9.png)
It is the same for eslint:
```
[Info  - 10:21:51] ESLint server is running.
[Info  - 10:21:51] 
Failed to load the ESLint library for the document /home/vnoel/Linagora/Petals/dev/git/petals-cockpit-new/frontend/generate-headers.js

To use ESLint in this workspace please install eslint using 'npm install eslint' or globally using 'npm install -g eslint'.
You need to reopen the workspace after installing eslint.
```
Surprisingly I don't have the problem with tslint even though it is in the same path…",question,bug
2026-03-07 05:06:09,"[145, 157, 451, 554, 656, 664, 1026, 1092, 1277, 1500, 1558, 1780, 2043, 2340, 2413, 3103, 3171, 3173, 3198, 3267]",Erasing should erase with tab size,"If there are no characters between the caret and column 0 in the current line. Hitting the erase keyboard button should erase the amount of columns of the defined tab size and not 1 column.
``` typescript
class A {
        | // if press erase here
-----------------------------------
    | // the caret should land here
}
```",feature,feature
2026-03-07 05:06:09,"[145, 157, 451, 554, 656, 664, 1026, 1092, 1277, 1500, 1558, 1780, 2043, 2340, 2413, 3103, 3171, 3173, 3198, 3267]","Intellisense vs JavaScript Modules - lack of "".js"" in completion","We have written the needed data into you
[How do I find out which extension is causing this?]
Convert a project to a module (via package.json). Start an import and let it fill in the module name.  The result is an import without "".js"" which was correct until the introduction of modules that now require a .js.
While minor, it can cause a lot of confusion since the error messages about the module errors are not clear about the origin.
VS Code version: Code 1.57.0 (b4c1bd0a9b03c749ea011b06c6d2676c8091a70c, 2021-06-09T17:18:42.354Z)
OS version: Windows_NT x64 10.0.19042
Restricted Mode: No
<details>
<summary>System Info</summary>
|Item|Value|
|CPUs|Intel(R) Core(TM) i7-10710U CPU @ 1.10GHz (12 x 1608)|
|GPU Status|2d_canvas: enabled<br>gpu_compositing: enabled<br>multiple_raster_threads: enabled_on<br>oop_rasterization: enabled<br>opengl: enabled_on<br>rasterization: enabled<br>skia_renderer: enabled_on<br>video_decode: enabled<br>vulkan: disabled_off<br>webgl: enabled<br>webgl2: enabled|
|Load (avg)|undefined|
|Memory (System)|63.81GB (36.20GB free)|
|Process Argv|. --crash-reporter-id b366e856-016b-4d6f-9330-3580467cd11b|
|Screen Reader|no|
|VM|0%|
</details><details><summary>Extensions (52)</summary>
Extension|Author (truncated)|Version
Bookmarks|ale|13.1.0
vscode-sqlite|ale|0.13.0
spellright|ban|3.0.58
insert-unicode|bru|0.12.0
npm-intellisense|chr|1.3.1
bracket-pair-colorizer-2|Coe|0.2.1
vscode-svgviewer|css|2.0.0
vscode-deno|den|3.6.1
docs-markdown|doc|0.2.95
xml|Dot|2.5.1
vscode-npm-script|eg2|0.3.22
kotlin-formatter|esa|0.0.6
vs-code-xml-format|fab|0.1.5
vscode-npm|fkn|3.3.0
kotlin|fwc|0.2.22
pwa-tools|joh|0.1.0
vscode-peacock|joh|3.9.1
vscode-icon-theme|jtl|1.6.6
chat|kar|0.35.0
adb-filesystem|Mak|0.0.3
code-groovy|mar|0.1.2
Kotlin|mat|1.7.1
code-beautifier|mic|2.3.3
prettify-json|moh|0.0.3
csharp|ms-|1.23.12
mssql|ms-|1.10.1
python|ms-|2021.5.926500501
jupyter|ms-|2021.6.999230701
remote-ssh|ms-|0.65.7
remote-ssh-edit|ms-|0.65.7
remote-wsl|ms-|0.56.5
cpptools|ms-|1.4.1
powershell|ms-|2021.5.1
vs-keybindings|ms-|0.2.1
vsliveshare|ms-|1.0.4419
vsliveshare-audio|ms-|0.1.91
vsliveshare-pack|ms-|0.4.0
debugger-for-chrome|msj|4.12.12
material-icon-theme|PKi|4.7.0
quicktype|qui|12.0.46
vsc-nwjs|rua|1.0.18
markdown-preview-enhanced|shd|0.5.21
unique-window-colors|stu|1.0.51
html-preview-vscode|tht|0.2.5
designeditor|tiz|1.1.0
taurine|tiz|1.1.0
tizenweb|tiz|1.1.0
wappl|tiz|1.1.2
adb-interface-vscode|vin|0.21.1
vscode-icons|vsc|11.4.0
vscode-todo-highlight|way|1.0.4
markdown-all-in-one|yzh|3.4.0
</details><details>
<summary>A/B Experiments</summary>
```
vsliv368:30146709
vsreu685:30147344
python383:30185418
vspyt653:30270858
pythonvspyt602:30300191
vspor879:30202332
vspor708:30202333
vspor363:30204092
pythonvspyt639:30300192
pythontb:30283811
pythonvspyt551cf:30311713
vspre833:30267464
pythonptprofiler:30281270
vshan820:30294714
pythondataviewer:30285071
vscus158cf:30286554
pythonvsuse255:30319631
vscgsv2ct:30307505
vscorehov:30309549
vscod805cf:30301675
binariesv517:30312825

```
</details>
r clipboard because it was too large to send. Please paste.",question,feature
2026-03-07 05:06:09,"[145, 157, 451, 554, 656, 664, 1026, 1092, 1277, 1500, 1558, 1780, 2043, 2340, 2413, 3103, 3171, 3173, 3198, 3267]",Details Marketplace request has no userAgent,> Microsoft.VisualStudio.Services.Content.Details,bug,bug
2026-03-07 05:06:11,"[145, 157, 451, 554, 656, 664, 1026, 1092, 1277, 1500, 1558, 1780, 2043, 2340, 2413, 3103, 3171, 3173, 3198, 3267]",TyepScript errors in Javascript,"Any javascript DOM manipulation commands get a TS error either 2531 or 2339
VS Code version: Code 1.68.1 (30d9c6cd9483b2cc586687151bcbcd635f373630, 2022-06-14T12:48:58.283Z)
OS version: Windows_NT x64 10.0.22000
Restricted Mode: No
<details>
<summary>System Info</summary>
|Item|Value|
|CPUs|11th Gen Intel(R) Core(TM) i7-1195G7 @ 2.90GHz (8 x 2918)|
|GPU Status|2d_canvas: enabled<br>canvas_oop_rasterization: disabled_off<br>direct_rendering_display_compositor: disabled_off_ok<br>gpu_compositing: enabled<br>multiple_raster_threads: enabled_on<br>oop_rasterization: enabled<br>opengl: enabled_on<br>rasterization: enabled<br>raw_draw: disabled_off_ok<br>skia_renderer: enabled_on<br>video_decode: enabled<br>video_encode: enabled<br>vulkan: disabled_off<br>webgl: enabled<br>webgl2: enabled|
|Load (avg)|undefined|
|Memory (System)|15.71GB (2.60GB free)|
|Process Argv|--crash-reporter-id f69fc159-70f2-4608-a96f-ebb1614b8137|
|Screen Reader|no|
|VM|0%|
</details><details><summary>Extensions (61)</summary>
Extension|Author (truncated)|Version
TabOut|alb|0.2.1
project-manager|ale|12.6.0
armview|ben|0.4.6
vscode-markdownlint|Dav|0.47.0
vscode-eslint|dba|2.2.2
gitlens|eam|12.1.0
vscode-html-css|ecm|1.13.0
vscode-npm-script|eg2|0.3.25
prettier-vscode|esb|9.5.0
vsc|fig|1.2.6
auto-rename-tag|for|0.1.10
copilot|Git|1.29.6152
vscode-pull-request-github|Git|0.44.0
go|gol|0.33.1
todo-tree|Gru|0.0.215
discord-vscode|icr|5.8.0
regexp-preview|Lou|0.1.5
git-graph|mhu|1.30.0
document|min|2.1.22
azure-pipelines|ms-|1.205.0
vscode-azureappservice|ms-|0.24.2
vscode-azurefunctions|ms-|1.7.3
vscode-azureresourcegroups|ms-|0.5.3
vscode-azurestorage|ms-|0.14.1
vscode-azurevirtualmachines|ms-|0.6.1
vscode-cosmosdb|ms-|0.19.1
vscode-docker|ms-|1.22.0
dotnet-interactive-vscode|ms-|1.0.3314010
vscode-dotnet-runtime|ms-|1.5.0
python|ms-|2022.8.0
vscode-pylance|ms-|2022.6.10
jupyter|ms-|2022.5.1001601848
jupyter-keymap|ms-|1.0.0
jupyter-renderers|ms-|1.0.8
remote-containers|ms-|0.238.2
remote-ssh|ms-|0.82.1
remote-ssh-edit|ms-|0.80.0
remote-wsl|ms-|0.66.3
azure-account|ms-|0.10.1
azurecli|ms-|0.5.0
js-atom-grammar|ms-|0.1.14
powershell|ms-|2022.5.1
vscode-github-issue-notebooks|ms-|0.0.119
vscode-node-azure-pack|ms-|0.3.0
vsliveshare|ms-|1.0.5625
vsliveshare-audio|ms-|0.1.91
azurerm-vscode-tools|msa|0.15.7
vscode-thunder-client|ran|1.16.5
java|red|1.7.0
LiveServer|rit|5.7.5
vscode-workspace-switcher|sad|1.15.3
vsimba|scr|3.1.15
html5-boilerplate|sid|1.1.1
sourcery|sou|0.12.0
code-spell-checker|str|2.2.4
open-in-browser|tec|2.0.0
vscode-maven|vsc|0.35.2
gistfs|vsl|0.4.1
JavaScriptSnippets|xab|1.8.0
material-theme|zhu|3.14.4
html-css-class-completion|Zig|1.20.0
(1 theme extensions excluded)
</details><details>
<summary>A/B Experiments</summary>
```
vsliv368cf:30146710
vsreu685:30147344
python383:30185418
vspor879:30202332
vspor708:30202333
vspor363:30204092
vstes627:30244334
vslsvsres303:30308271
pythonvspyl392:30443607
vserr242cf:30382550
pythontb:30283811
vsjup518:30340749
pythonptprofiler:30281270
vsdfh931:30280409
vshan820:30294714
vstes263:30335439
pythondataviewer:30285071
vscod805:30301674
binariesv615:30325510
bridge0708:30335490
bridge0723:30353136
vsaa593:30376534
vsc1dst:30438360
pythonvs932:30410667
wslgetstarted:30449410
vscscmwlcmt:30465135
cppdebug:30492333
vsclangdf:30486550

```
</details>",question,bug
2026-03-07 05:06:12,"[145, 157, 451, 554, 656, 664, 1026, 1092, 1277, 1500, 1558, 1780, 2043, 2340, 2413, 3103, 3171, 3173, 3198, 3267]",Git has some problum in code indentation of Python,"- VSCode Version:1.45.0
- OS Version:Windows 10 1909
1.Change code indentation
![image](https://user-images.githubusercontent.com/27473098/81466372-beb03e80-9203-11ea-8460-701bbd9fde73.png)
2.Use `Stage Selected Ranges`, then the change of code indentation was ignored.
![image](https://user-images.githubusercontent.com/27473098/81466390-f15a3700-9203-11ea-9e46-5de3093708ed.png)
I can only stage all change in this file. Sometimes when I revert a change, the indentation of the entire file becomes confusing.
Does this issue occur when all extensions are disabled?: Yes",question,bug
2026-03-07 05:06:12,"[145, 157, 451, 554, 656, 664, 1026, 1092, 1277, 1500, 1558, 1780, 2043, 2340, 2413, 3103, 3171, 3173, 3198, 3267]",Multiple VSCode windows opened when opening a workspace or file directly.,"- **VSCode Version:** 1.17.2
- **OS Version:** Windows 10
There is a feature of vscode that caches unsaved documents after closing the editor.  When the editor is reopened the unsaved file is open within the editor giving the user a chance to save it.
This is a useful feature but its quite jarring when opening an instance of vscode via the _Open with Code_ commands as this forces two windows to be opened at the same time.  This may also occur when starting an instance of vscode via the command line + arguments.
I'd like to suggest only ""resurrecting"" the window with the unsaved documents/changes when opening code without a workspace or file.",question,feature
2026-03-07 05:06:12,"[145, 157, 451, 554, 656, 664, 1026, 1092, 1277, 1500, 1558, 1780, 2043, 2340, 2413, 3103, 3171, 3173, 3198, 3267]",Opened folder,"Working with folders, when multiple windows are opened. It is hard to know what is the instance I want to switch to. If the folder name appears first on title instead of the current file selected that would help.
Note that VS code displays the folder name when there are no files opened.
VS Code version: Code 1.68.1 (30d9c6cd9483b2cc586687151bcbcd635f373630, 2022-06-14T12:48:58.283Z)
OS version: Windows_NT x64 10.0.19042
Restricted Mode: No",question,feature
2026-03-07 05:06:13,"[145, 157, 451, 554, 656, 664, 1026, 1092, 1277, 1500, 1558, 1780, 2043, 2340, 2413, 3103, 3171, 3173, 3198, 3267]",scss weird colors rendering,"- VSCode Version: Code 1.13.1 (379d2efb5539b09112c793d3d9a413017d736f89, 2017-06-14T18:18:03.540Z)
- OS Version: Linux x64 4.8.0-36-generic
- Extensions:
|Extension|Author|Version|
|html-symbols|DiegoMolina|0.0.2|
|triggertaskonsave|Gruntfuggly|0.1.2|
|material-icon-theme|PKief|2.0.9|
|html-css-class-completion|Zignd|1.7.0|
|html-snippets|abusaidm|0.1.0|
|npm-intellisense|christian-kohler|1.3.0|
|path-intellisense|christian-kohler|1.4.2|
|jshint|dbaeumer|0.10.15|
|githistory|donjayamanne|0.2.0|
|vs-code-xml-format|fabianlauer|0.1.5|
|php-debug|felixfbecker|1.10.0|
|php-intellisense|felixfbecker|1.4.1|
|auto-close-tag|formulahendry|0.4.2|
|auto-rename-tag|formulahendry|0.0.14|
|debugger-for-chrome|msjsdiag|3.1.4|
|todotasks|sandy081|0.5.0|
|stylelint|shinnn|0.25.0|
|html-preview-vscode|tht13|0.1.1|
|vscode-react-native|vsmobile|0.3.2|;
![bug_scss_vs](https://user-images.githubusercontent.com/13434150/27474336-4bda5b40-5802-11e7-9618-996a3b8cde0d.png)
Since a recent update some colors in the scss files are a bit weird.
As you can see from the screenshot above the text between `data-name=""`  and `""] { ` is a plain white.
Also, some properties (like the cursor one) changed color.
Disabling all the extensions and settings didn't solve.",bug,bug
2026-03-07 05:06:13,"[145, 157, 451, 554, 656, 664, 1026, 1092, 1277, 1500, 1558, 1780, 2043, 2340, 2413, 3103, 3171, 3173, 3198, 3267]",vscode version 0.10.10 update failed on ubuntu 14.04 x64?,"dotnet version output
```
.NET Command Line Tools (1.0.0-beta-001675)
Product Information:
 Version:     1.0.0-beta-001675
 Commit Sha:  N/A
Runtime Environment:
 OS Name:     ubuntu
 OS Version:  14.04
 OS Platform: Linux
 Runtime Id:  ubuntu.14.04-x64
```
I updated vscode to version 0.10.10. Then I installed csharp extension. Then I logged off my computer for half an hour. when I returned I saw an error,
> csharp is not compatible with 0.10.8, please un-install.
so I checked the version, it was 0.10.8. I restarted the machine and still same error. I'm clueless how this happened. update was successful, otherwise it would not let me install csharp extension.",question,bug
2026-03-07 05:06:14,"[145, 157, 451, 554, 656, 664, 1026, 1092, 1277, 1500, 1558, 1780, 2043, 2340, 2413, 3103, 3171, 3173, 3198, 3267]",Add a command to open Quick Pick for picking debug target,"When I'm pressing F5, now it runs the active debug target. But to change the debug target, I need to use mouse clicks.
I would prefer if I can bind Shift+F5 to a command like `launch` in quick pick. Similar to `task` or `view`, it'll display the list of debug targets. Then I can type to filter it down. After successful launch, it should switch the active debug target to the chosen one.",feature,feature
2026-03-07 05:06:14,"[145, 157, 451, 554, 656, 664, 1026, 1092, 1277, 1500, 1558, 1780, 2043, 2340, 2413, 3103, 3171, 3173, 3198, 3267]",Find + Replace not indexing properly - VSCode / Jupyter Notebook Extension,"## Environment data
-   VS Code version:  1.76.1 (Universal)
-   Jupyter Extension version (available under the Extensions sidebar): v2023.2.1200692131
-   Python Extension version (available under the Extensions sidebar): v2023.4.1
-   OS (Windows | Mac | Linux distro) and version: 12.6.2 (21G320)
-   Python and/or Anaconda version: 3.10.5
-   Type of virtual environment used (N/A | venv | virtualenv | conda | ...): N/A
-   Jupyter server running: Local
## Expected behaviour
Find + Replace:
Replace value then index to next value in total matches (i.e. if replaced 3 of 14, index to 4th match) and scroll to 4th index.
## Actual behaviour
Replace value then index to next value in total matches (i.e. if replaced 3 of 14, index to 4th match) but does not scroll to 4th index. Have to manually index to next match then backwards to see current match.
[**NOTE**: Self-contained, minimal reproducing code samples are **extremely** helpful and will expedite addressing your issue]
1. Replace value then index to next value in total matches (i.e. if replaced 3 of 14, index to 4th match) but does not scroll to 4th index. Have to manually index to next match then backwards to see current match.
## Logs
<details>
<summary>Output for <code>Jupyter</code> in the <code>Output</code> panel (<code>View</code>→<code>Output</code>, change the drop-down the upper-right of the <code>Output</code> panel to <code>Jupyter</code>)
</summary>
```
XXX
```
</details>",bug,question
2026-03-07 05:06:14,"[145, 157, 451, 554, 656, 664, 1026, 1092, 1277, 1500, 1558, 1780, 2043, 2340, 2413, 3103, 3171, 3173, 3198, 3267]",preview mode,"I would like an option to disable editors from opening, in preview mode or otherwise, when a file is clicked.
Presumably the reasoning for not having this option is that it doesn't hurt to show the editor in preview when a file is clicked, but in some cases it is annoying, e.g. when renaming files.",question,feature
2026-03-07 05:06:15,"[145, 157, 451, 554, 656, 664, 1026, 1092, 1277, 1500, 1558, 1780, 2043, 2340, 2413, 3103, 3171, 3173, 3198, 3267]",Visual Studio code rails unable to see end of function,"🚨 The issue tracker is not for questions 🚨
I am using visual code for my rails development I am using ruby extension. I am trying to see the end of my code section For example when I am putting cursor on my angular code I can see what is the end of that code. Example in this image:
[Image link ](https://i.stack.imgur.com/rP7RX.png)
As you can see in this image when I put my cursor and I can see where is ending. But in my ruby code when I put my cursor at def I don't see end highlighter I don't know what is the solution for this.
Is there any extension available which can help me see the end of all my codes or block. For Rails applications.",question,bug
2026-03-07 05:06:15,"[145, 157, 451, 554, 656, 664, 1026, 1092, 1277, 1500, 1558, 1780, 2043, 2340, 2413, 3103, 3171, 3173, 3198, 3267]",Console in Developer Tools no longer shows font Consolas after update to VSCode 1.92,"The **console** in the VSCode-intern **Developer Tools** window (CTRL+SHIFT+I) shows now font `Courier New` (probably Courier New).
Compared with the prior font `Consolas` I find Courier New harder to read.
Or is there a configuration option to change the font for the Developer Tools console?
Developer Tools console font
- till VSCode 1.92:  `Consolas`
- in VSCode 1.92:   `Courier New` (probably)
VS Code version: Code 1.92.2 (fee1edb8d6d72a0ddff41e5f71a671c23ed924b9, 2024-08-14T17:29:30.058Z)
OS version: Windows_NT x64 10.0.19045
Modes:
<details>
<summary>System Info</summary>
|Item|Value|
|CPUs|Intel(R) Core(TM) i5-5200U CPU @ 2.20GHz (4 x 2195)|
|GPU Status|2d_canvas: enabled<br>canvas_oop_rasterization: enabled_on<br>direct_rendering_display_compositor: disabled_off_ok<br>gpu_compositing: enabled<br>multiple_raster_threads: enabled_on<br>opengl: enabled_on<br>rasterization: enabled<br>raw_draw: disabled_off_ok<br>skia_graphite: disabled_off<br>video_decode: enabled<br>video_encode: unavailable_off<br>vulkan: disabled_off<br>webgl: enabled<br>webgl2: enabled<br>webgpu: enabled<br>webnn: disabled_off|
|Load (avg)|undefined|
|Memory (System)|7.92GB (1.11GB free)|
|Process Argv|--log info|
|Screen Reader|no|
|VM|0%|
</details><details><summary>Extensions (23)</summary>
Extension|Author (truncated)|Version
json-viewer|Dut|0.1.0
vscode-commands|fab|2.0.2
thefoldingstuff|geo|0.2.1
vscode-menu-builder|kyl|1.0.2
vscode-plugin-keyboard-shortcut-eval-custom-javascript-codes|Lia|1.0.13
vscode-language-pack-de|MS-|1.92.2024081409
csharp|ms-|2.39.29
vscode-dotnet-runtime|ms-|2.1.1
debugpy|ms-|2024.10.0
python|ms-|2024.12.3
vscode-pylance|ms-|2024.8.1
jupyter|ms-|2024.7.0
jupyter-keymap|ms-|1.1.2
jupyter-renderers|ms-|1.0.19
vscode-jupyter-cell-tags|ms-|0.1.9
vscode-jupyter-slideshow|ms-|0.1.6
powershell|ms-|2024.2.2
multi-command|ryu|1.6.0
vbsvscode|Ser|1.2.1
memento-inputs|spa|1.0.0
vscode-autohotkey2-lsp|thq|2.4.9
vscode-inline-values-powershell|Tyl|0.0.7
vscode-autohotkey-debug|zer|1.11.0
</details>",question,bug
2026-03-07 05:06:15,"[145, 157, 451, 554, 656, 664, 1026, 1092, 1277, 1500, 1558, 1780, 2043, 2340, 2413, 3103, 3171, 3173, 3198, 3267]",[Simple browser] Setting to remove header controls,"![Screenshot (107)](https://user-images.githubusercontent.com/9638156/125087678-598cfd00-e0d5-11eb-849d-759e732c1a18.png)
1. Move `Back`, `Forward`, `Reload`, `Open in browser` buttons to the editor title menu
2. Move url to the editor title",feature,feature
2026-03-07 05:06:16,"[145, 157, 451, 554, 656, 664, 1026, 1092, 1277, 1500, 1558, 1780, 2043, 2340, 2413, 3103, 3171, 3173, 3198, 3267]",Is it possible to build editor separately?,"I know that Monaco-editor exists, but it's ""too complete"" for my test.
Is it possible to extract just editor (editing window with minimap, and all annotation, suggestion services associated) and build it for another project?",question,feature
2026-03-07 05:06:16,"[145, 157, 451, 554, 656, 664, 1026, 1092, 1277, 1500, 1558, 1780, 2043, 2340, 2413, 3103, 3171, 3173, 3198, 3267]",Vs code not working for inputting values,"Type: <b>Performance Issue</b>
I've installed mingw alongwith the extensions, but still VScode is not scanning value, it is printing the values tho.
VS Code version: Code 1.74.3 (97dec172d3256f8ca4bfb2143f3f76b503ca0534, 2023-01-09T16:57:40.428Z)
OS version: Linux x64 5.15.0-58-generic
Modes:
Sandboxed: Yes
<details>
<summary>System Info</summary>
|Item|Value|
|CPUs|AMD Ryzen 3 3200U with Radeon Vega Mobile Gfx (4 x 1400)|
|GPU Status|2d_canvas: enabled<br>canvas_oop_rasterization: disabled_off<br>direct_rendering_display_compositor: disabled_off_ok<br>gpu_compositing: enabled<br>multiple_raster_threads: enabled_on<br>opengl: enabled_on<br>rasterization: enabled<br>raw_draw: disabled_off_ok<br>skia_renderer: enabled_on<br>video_decode: disabled_software<br>video_encode: disabled_software<br>vulkan: disabled_off<br>webgl: enabled<br>webgl2: enabled<br>webgpu: disabled_off|
|Load (avg)|1, 1, 1|
|Memory (System)|5.74GB (3.36GB free)|
|Process Argv|--unity-launch --crash-reporter-id b2999d72-9260-41b5-9b8a-b108e1291d5d|
|Screen Reader|no|
|VM|0%|
|DESKTOP_SESSION|pantheon|
|XDG_CURRENT_DESKTOP|Unity|
|XDG_SESSION_DESKTOP|pantheon|
|XDG_SESSION_TYPE|x11|
</details><details>
<summary>Process Info</summary>
```
CPU %	Mem MB	   PID	Process
    0	   159	  1606	code main
    0	    41	  1612	   zygote
    0	   141	  1643	     gpu-process
    0	    41	  1613	   zygote
    0	    12	  1615	     zygote
    1	   235	  1688	       window (● #include<iostream> • Untitled-1 - nw - Visual Studio Code)
    0	    88	  9612	       issue-reporter
    0	    59	  1660	   utility-network-service
    0	   165	  1724	   extension-host
    0	    53	  1831	     /home/n0ah/.vscode/extensions/ms-vscode.cpptools-1.13.9-linux-x64/bin/cpptools
    0	    71	  1853	     /usr/share/code/code --ms-enable-electron-run-as-node /usr/share/code/resources/app/extensions/json-language-features/server/dist/node/jsonServerMain --node-ipc --clientProcessId=1724
    0	   135	  1740	   shared-process
    0	    76	  1753	     ptyHost
    0	     0	  1906	       /usr/bin/bash
    0	    71	  1801	     fileWatcher
    0	     0	  9630	     /bin/sh -c /usr/bin/ps -ax -o pid=,ppid=,pcpu=,pmem=,command=
    0	     0	  9631	       /usr/bin/ps -ax -o pid=,ppid=,pcpu=,pmem=,command=
```
</details>
<details>
<summary>Workspace Info</summary>
```
|  Window (● #include<iostream> • Untitled-1 - nw - Visual Studio Code)
|    Folder (nw): 8 files
|      File types: json(4) cpp(1)
|      Conf files: launch.json(1) settings.json(1) tasks.json(1)
|      Launch Configs: cppdbg;
```
</details>
<details><summary>Extensions (3)</summary>
Extension|Author (truncated)|Version
code-runner|for|0.12.0
cmake-tools|ms-|1.13.45
cpptools|ms-|1.13.9
</details><details>
<summary>A/B Experiments</summary>
```
vsliv368cf:30146710
vsreu685:30147344
python383cf:30185419
vspor879:30202332
vspor708:30202333
vspor363:30204092
vstes627:30244334
vslsvsres303:30308271
pythonvspyl392:30443607
vserr242cf:30382550
pythontb:30283811
vsjup518:30340749
pythonptprofiler:30281270
vshan820:30294714
vstes263cf:30335440
vscorecescf:30445987
pythondataviewer:30285071
vscod805:30301674
binariesv615:30325510
bridge0708:30335490
bridge0723:30353136
cmake_vspar411:30581797
vsaa593:30376534
pythonvs932:30410667
cppdebug:30492333
vsclangdf:30486550
c4g48928:30535728
dsvsc012:30540252
azure-dev_surveyone:30548225
vsccc:30610678
pyindex848cf:30577861
nodejswelcome1cf:30587006
282f8724:30602487
f6dab269:30613381
vscsb:30628654

```
</details>",question,bug
2026-03-07 05:06:17,"[145, 157, 451, 554, 656, 664, 1026, 1092, 1277, 1500, 1558, 1780, 2043, 2340, 2413, 3103, 3171, 3173, 3198, 3267]",[loc][Query][VSCode] Please clarify placeholder,"Hi, we have a question from our translator. Can you help please? Thanks!
**Source:**
Installing the {0} keyboard shortcuts...
**File Name:**
src\vs\workbench\parts\welcome\page\electron-browser\welcomePage.nls.resx
**Resource ID:**
"".resx"", 0; ""welcomePage.installingKeymap""
**Query:**
What does the placeholder mean? Thanks!",question,bug
2026-03-07 05:06:17,"[145, 157, 451, 554, 656, 664, 1026, 1092, 1277, 1500, 1558, 1780, 2043, 2340, 2413, 3103, 3171, 3173, 3198, 3267]","Suggestion hints automatically being complete from alphatyping () select first entry or partial match, and injects it.","Hi,
Well this is rather anoying that one is not allowed to type somthing that doesn't below to the auto complete list, if partially matches, when added () to the end, it automatically selects the 1 suggested partially matching.
Did I hit enter or tab, no, so why is it while typing take that entry.
This happens so often and is so anoying. Have they write escape, write escape to get what one wants that is not productive. Espeically when one can type and not look at the screen or care about auto suggestions, because you is notusing them they much. They should be there for assit and not to inject crap the whole time that is unwanted, this been going on now for 2 years, its extermly anoying. If write a call to a function that doesn't exist yet, then well I should be allowed to do that.
If there is spelling mistake, then basically rather highlight the token, showing a suggestative correction, if like 1 charater off, or statistically acourding to the key qweerty layout or devorak layour. Cell and android auto correct makes many mistakes there.. change the means of sentance to wrong things.
when goes above the mistake auto popup the suggestion box.
Please please fix, productivity is so harm by auto completing random stuff.",question,bug
2026-03-07 05:06:17,"[145, 157, 451, 554, 656, 664, 1026, 1092, 1277, 1500, 1558, 1780, 2043, 2340, 2413, 3103, 3171, 3173, 3198, 3267]",Why does editor.lineHeight default to 0?,"`editor.lineHeight` has it's default set to 0 here https://github.com/Microsoft/vscode/blob/master/src/vs/editor/common/config/defaultConfig.ts#L99
Should it actually be `GOLDEN_LINE_HEIGHT_RATIO` or `null` instead? https://github.com/Microsoft/vscode/blob/master/src/vs/editor/common/config/defaultConfig.ts#L30
It's a little confusing seeing this, since 0 means the lines will be stacked on each other:
![image](https://cloud.githubusercontent.com/assets/2193314/15766804/85a9bee6-28f7-11e6-9291-84fc04c79469.png)",question,bug
2026-03-07 05:06:17,"[145, 157, 451, 554, 656, 664, 1026, 1092, 1277, 1500, 1558, 1780, 2043, 2340, 2413, 3103, 3171, 3173, 3198, 3267]",Allow to format on save based on file extensions,"The current `Editor > Formatting > Format on Save` allows you to automatically format the current file. The problem is that I want to avoid that behavior for specific file types (in this case YAML files) since the automatic format doesn't complain with my team style.
It would be great to be able to allow users to either configure how the formatting is applied or to disable it for certain file types.
Thank you for this awesome editor!",question,feature
2026-03-07 05:06:18,"[145, 157, 451, 554, 656, 664, 1026, 1092, 1277, 1500, 1558, 1780, 2043, 2340, 2413, 3103, 3171, 3173, 3198, 3267]",command line launcher accept line number,"When woking with command line tools (e.g. `git grep -n`) it is very convenient to be able to open file on a current line.
Same feature exists in vim: `$ vim some.file +155` will open `some.file` and move cursor to line 155.
Can we consider adding same functionality for vscode?
For example: `code some.file +155`",question,feature
2026-03-07 05:06:18,"[145, 157, 451, 554, 656, 664, 1026, 1092, 1277, 1500, 1558, 1780, 2043, 2340, 2413, 3103, 3171, 3173, 3198, 3267]",VS Code Insiders for Manjaro KDE Plasma,"I tried to search for VS Code Insiders for Manjaro Linux, but it was outdated version, so is there any way I can get insiders build for Manjaro?
And also where is the code repository link for Insiders build ?",question,feature
2026-03-07 05:06:20,"[145, 157, 451, 554, 656, 664, 1026, 1092, 1277, 1500, 1558, 1780, 2043, 2340, 2413, 3103, 3171, 3173, 3198, 3267]",A shortcut for selecting inner content of a div VS Code,"Hi,
There should be a **inner content selector** keyboard shortcut for VS Code. in **sublime** i can select everything in a block by pressing **ctrl+,** but in **VS code** there is nothing like that.
See video link: https://youtu.be/zVQ3B8hU4XE",question,feature
2026-03-07 05:06:20,"[145, 157, 451, 554, 656, 664, 1026, 1092, 1277, 1500, 1558, 1780, 2043, 2340, 2413, 3103, 3171, 3173, 3198, 3267]",Opening already-open file from external link should reveal in already-open pane,"If I have multiple editor panes open, and one of them has file A in it, but another pane happens to have the focus, and I click a link from another program (say, a terminal) that points to file A, then currently VSCode will open another view of file A in the pane that has focus. I would like, instead, for the pane that already has file A to get focus, and file A to be brought into view.",question,feature
2026-03-07 05:06:21,"[145, 157, 451, 554, 656, 664, 1026, 1092, 1277, 1500, 1558, 1780, 2043, 2340, 2413, 3103, 3171, 3173, 3198, 3267]",Make true absolute imports relative to source roots work,"I asked on SO here https://stackoverflow.com/questions/70888494/configure-true-absolute-imports-in-typescript
But just in case it's not possible, I'm requesting this feature.
Specifically:
```ts
import foo from '/foo';
```
should import `{sourceRoot}/foo`
where `sourceRoot` is `{pwd}/src`
Assuming it's not possible to do this via `tsconfig.json` already. If so, this is a request for docs.",question,feature
2026-03-07 05:06:21,"[145, 157, 451, 554, 656, 664, 1026, 1092, 1277, 1500, 1558, 1780, 2043, 2340, 2413, 3103, 3171, 3173, 3198, 3267]",Terminal Launching using npm script,"VScode should have a keyword launching multiple Integrated Terminals.
Something like:
`<VSCode Terminal Keyword> run script` will open another integrated terminal tab running the script.",feature,feature
2026-03-07 05:06:21,"[145, 157, 451, 554, 656, 664, 1026, 1092, 1277, 1500, 1558, 1780, 2043, 2340, 2413, 3103, 3171, 3173, 3198, 3267]",Mark files as sensibles (like files with passwords),"I'd love a feature where we can right click on a file and mark it as ""Sensitive"", so everytime we open it there is a confirmation button to click which unlock the contents.
It's pretty useful when we are streaming our screen or people are next to the computer, and we click inadvertently on a file containing credentials.",feature,feature
2026-03-07 05:06:22,"[145, 157, 451, 554, 656, 664, 1026, 1092, 1277, 1500, 1558, 1780, 2043, 2340, 2413, 3103, 3171, 3173, 3198, 3267]",More Memory Needed,"What a memory hogger?? How much memory does it want man? Text Editor or whole OS?
VS Code version: Code 1.52.1 (ea3859d4ba2f3e577a159bc91e3074c5d85c0523, 2020-12-16T16:34:46.910Z)
OS version: Windows_NT x64 10.0.19042
Remote OS version: Linux x64 4.19.128-microsoft-standard
<details>
<summary>System Info</summary>
|Item|Value|
|CPUs|AMD Ryzen 5 1600 Six-Core Processor             (12 x 3200)|
|GPU Status|2d_canvas: enabled<br>flash_3d: enabled<br>flash_stage3d: enabled<br>flash_stage3d_baseline: enabled<br>gpu_compositing: enabled<br>multiple_raster_threads: enabled_on<br>oop_rasterization: disabled_off<br>opengl: enabled_on<br>protected_video_decode: unavailable_off<br>rasterization: enabled<br>skia_renderer: disabled_off_ok<br>video_decode: enabled<br>vulkan: disabled_off<br>webgl: enabled<br>webgl2: enabled|
|Load (avg)|undefined|
|Memory (System)|15.95GB (6.58GB free)|
|Process Argv|--folder-uri=vscode-remote://wsl+Debian/home/bugwheels94/job/brandtrack-frontend-selfserve --remote=wsl+Debian --crash-reporter-id a8abac7d-650f-4f9f-8128-f50eab87e068|
|Screen Reader|no|
|VM|0%|
|Item|Value|
|Remote|WSL: Debian|
|OS|Linux x64 4.19.128-microsoft-standard|
|CPUs|AMD Ryzen 5 1600 Six-Core Processor (12 x 3200)|
|Memory (System)|2.92GB (0.27GB free)|
|VM|0%|
</details><details><summary>Extensions (6)</summary>
Extension|Author (truncated)|Version
remote-containers|ms-|0.154.2
remote-ssh|ms-|0.62.0
remote-ssh-edit|ms-|0.62.0
remote-wsl|ms-|0.52.0
vscode-remote-extensionpack|ms-|0.20.0
prettier-vscode|esb|5.8.0
</details><details>
<summary>A/B Experiments</summary>
```
vsliv368:30146709
vsreu685:30147344
openlogontheside:30221877
python383cf:30185419
pythonvspyt617:30244266
vspor879:30202332
vspor708:30202333
vspor363:30204092
vswsl492:30211401
wsl2promptcf:30224613
pythonvsdeb440:30248342
unusedpromptcf:30224611
folderexplorercf:30224615
openfilemenu:30224647
pythonvsded773:30248341
pythonvspyt875:30247033

```
</details>",question,bug
2026-03-07 05:06:22,"[145, 157, 451, 554, 656, 664, 1026, 1092, 1277, 1500, 1558, 1780, 2043, 2340, 2413, 3103, 3171, 3173, 3198, 3267]","Remember previous values typed into ""Go to line"" quick open","- VSCode Version: Code 1.9.0 (27240e71ef390bf2d66307e677c2a333cebf75af, 2017-02-02T08:31:00.827Z)
- OS Version: Windows_NT ia32 6.1.7601
- Extensions:
|Extension|Author|Version|
|read-only-indicator|alefragnani|0.6.0|
|alignment|annsk|0.3.0|
|Doxygen|bbenoist|1.0.0|
|vscode-astyle|chiehyu|0.6.1|
|python|donjayamanne|0.5.8|
|EditorConfig|EditorConfig|0.3.4|
|copy-relative-path|enochc|0.1.1|
|matlab|Gimly81|0.4.0|
|status-bar-tasks|GuardRex|0.1.2|
|vscode-dimmer|hoovercj|2.1.0|
|docthis|joelday|0.3.10|
|cpptools|ms-vscode|0.10.0|
|copy-file-name|nemesv|1.0.0|
|vscode-clearcase|OpenNingia|1.5.0|
|vscode-icons|robertohuertasm|7.2.0|
|theme-cyanicpastels|SamuelLampa|0.0.9|
|indenticator|SirTori|0.2.1|
|vscode-hexdump|slevesque|1.1.4|
|code-spell-checker|streetsidesoftware|0.14.8|
|comment-snippets|Tobiah|0.2.0|
|dark-plus-material|vangware|0.2.1|
|change-case|wmaurer|1.0.0|
|highlight-trailing-white-spaces|ybaumes|0.0.2|
1. Ctrl+G enter a line number.
2. Ctrl+G use up & down cursor or alt+up/down. Expect the previously entered line number to appear.",feature,feature
2026-03-07 05:06:23,"[145, 157, 451, 554, 656, 664, 1026, 1092, 1277, 1500, 1558, 1780, 2043, 2340, 2413, 3103, 3171, 3173, 3198, 3267]","powershell automated function is supposed to be opt-in, not opt-out","I see a mention to a new `terminal.integrated.persistentSessionReviveProcess` setting in the release notes of [version 1.61 - September 2021](https://code.visualstudio.com/updates/v1_61#_restore-terminal-sessions-across-application-restarts) (emphasis mine) :
> In this release, there is a new **opt-in** setting for recording and restoring the buffer and using it to recreate processes. Set `terminal.integrated.persistentSessionReviveProcess` to enable this.
I don't see a note stating that this option was turned to an opt-out setting.
Did I miss that part ?
extra note : where are those buffers saved on disk ? if the recorder records every output of every command, I would like to audit the buffers to check that they do not contain secrets (e.g : the output of `cat config.yml` run on a remote server ...)
_Originally posted by @LeGEC in https://github.com/microsoft/vscode/issues/136566#issuecomment-971461853_",question,bug
2026-03-07 05:06:23,"[145, 157, 451, 554, 656, 664, 1026, 1092, 1277, 1500, 1558, 1780, 2043, 2340, 2413, 3103, 3171, 3173, 3198, 3267]",Show error popup without mouse (with keyboard),"![image](https://cloud.githubusercontent.com/assets/736697/24017255/0e871056-0ab1-11e7-9ca3-54d5d0166229.png)
Is it possible to get error popup shown when cursor is positioned on the code underlined with red using keyboard, without mouse?
Didn't find anything related to this in keybindings.",question,bug
2026-03-07 05:06:23,"[145, 157, 451, 554, 656, 664, 1026, 1092, 1277, 1500, 1558, 1780, 2043, 2340, 2413, 3103, 3171, 3173, 3198, 3267]",Automatically open containing folder when opening a file,"- VSCode Version: 1.5.2
- OS Version: Win 10
If I open a file by simply double click it, then the folder containing it will not be considered my workspace. Consequently, the configure file of some extensions for this folder does not work.
For example, I use spell check extension and add some ignore words to it. If I do not open folder, then the ignore words list does not work.
Do I have any method to open VS Code with folder mode as a default way, by simply double click the file?",feature,feature
2026-03-07 05:06:24,"[145, 157, 451, 554, 656, 664, 1026, 1092, 1277, 1500, 1558, 1780, 2043, 2340, 2413, 3103, 3171, 3173, 3198, 3267]",Test Results tab in VS Code keep popping up even if closed after each test run,"**Context:**
- Playwright Version:1.36.2
- Operating System: Mac
- Node.js version: v20.4.0
- Visual Studio Code version: Version: 1.81.0
Commit: 6445d93c81ebe42c4cbd7a60712e0b17d9463e97
Date: 2023-08-02T12:38:28.722Z
Electron: 22.3.18
ElectronBuildId: 22689846
Chromium: 108.0.5359.215
Node.js: 16.17.1
V8: 10.8.168.25-electron.0
OS: Darwin arm64 22.6.0
- Playwright for VSCode extension version: v1.0.15
When running a test - the tab with Test Results always pops-up.
This started happening with recent VS Code update. No matter what I do - it keeps popping-up. Before it was never showed up if not on demand.
VS Code version: Code 1.81.0 (6445d93c81ebe42c4cbd7a60712e0b17d9463e97, 2023-08-02T12:38:28.722Z)
OS version: Darwin arm64 22.6.0
Modes:
<details>
<summary>System Info</summary>
|Item|Value|
|CPUs|Apple M1 Pro (10 x 24)|
|GPU Status|2d_canvas: enabled<br>canvas_oop_rasterization: disabled_off<br>direct_rendering_display_compositor: disabled_off_ok<br>gpu_compositing: enabled<br>metal: disabled_off<br>multiple_raster_threads: enabled_on<br>opengl: enabled_on<br>rasterization: enabled<br>raw_draw: disabled_off_ok<br>video_decode: enabled<br>video_encode: enabled<br>vulkan: disabled_off<br>webgl: enabled<br>webgl2: enabled<br>webgpu: enabled|
|Load (avg)|4, 4, 5|
|Memory (System)|32.00GB (0.40GB free)|
|Process Argv|--crash-reporter-id 3dc3f68f-23e6-4d9e-a0b7-614e6fcd461a|
|Screen Reader|no|
|VM|0%|
</details><details><summary>Extensions (27)</summary>
Extension|Author (truncated)|Version
atlascode|atl|3.0.4
vscode-generate-getter-setter|DSK|0.5.0
gitlens|eam|14.2.0
prettier-vscode|esb|10.1.0
code-runner|for|0.12.0
rainbow-csv|mec|3.7.0
template-string-converter|meg|0.6.1
vscode-azureresourcegroups|ms-|0.7.5
vscode-azurevirtualmachines|ms-|0.6.5
playwright|ms-|1.0.15
remote-containers|ms-|0.304.0
remote-ssh|ms-|0.102.0
remote-ssh-edit|ms-|0.86.0
remote-wsl|ms-|0.81.0
vscode-remote-extensionpack|ms-|0.24.0
azure-account|ms-|0.11.5
powershell|ms-|2023.6.0
remote-explorer|ms-|0.4.1
remote-server|ms-|1.4.0
vsliveshare|ms-|1.0.5877
vscode-thunder-client|ran|2.10.2
vscode-yaml|red|1.14.0
code-spell-checker|str|2.20.5
icons|tal|3.7.0
tcv-typescript-constructor-generator|toa|0.2.0
colonize|vms|2.2.2
gistfs|vsl|0.4.1
</details><details>
<summary>A/B Experiments</summary>
```
vsliv368:30146709
vsreu685:30147344
python383cf:30185419
vspor879:30202332
vspor708:30202333
vspor363:30204092
vslsvsres303:30308271
vserr242:30382549
pythontb:30283811
vsjup518:30340749
pythonptprofiler:30281270
vsdfh931cf:30280410
vshan820:30294714
vstes263:30335439
vscod805cf:30301675
binariesv615:30325510
bridge0708:30335490
bridge0723:30353136
vsaa593cf:30376535
pythonvs932:30410667
py29gd2263:30792226
vsclangdc:30486549
c4g48928:30535728
dsvsc012cf:30540253
pynewext54:30695312
azure-dev_surveyone:30548225
vsccc:30803844
2e4cg342:30602488
89544117:30613380
a9j8j154:30646983
showlangstatbar:30737416
vsctsb:30748421
03d35959:30757346
7ij38806:30736111
pythonfmttext:30731395
pythoncmv:30756943
fixshowwlkth:30771522
showindicator:30805244
pythongtdpath:30769146
i26e3531:30792625
gsofa:30804715
pythonnosmt12:30797651
pythonidxpt:30805730
pythonnoceb:30805159
e537b577:30795824
dsvsc013:30795093
dsvsc014:30804076

```
</details>
![image](https://github.com/microsoft/vscode/assets/40281293/e0e57d99-14f8-4336-830b-a5168aa04ce1)",question,bug
2026-03-07 05:06:24,"[145, 157, 451, 554, 656, 664, 1026, 1092, 1277, 1500, 1558, 1780, 2043, 2340, 2413, 3103, 3171, 3173, 3198, 3267]",Add extension to triggers for recommendations for PHP,"Given how popular PHP is, we should add one of the extensions to the list of triggers for recommending extensions when a PHP file is opened.
Part of the outcome of #15383.",feature,feature
2026-03-07 05:06:25,"[145, 157, 451, 554, 656, 664, 1026, 1092, 1277, 1500, 1558, 1780, 2043, 2340, 2413, 3103, 3171, 3173, 3198, 3267]",Every time open a new VS Code application(Whether you are opening a same file or not),"- VSCode Version:
![vscode version](https://cloud.githubusercontent.com/assets/12654542/17277698/d877710c-5766-11e6-8555-6288b5e61086.PNG)
- OS Version: Microsoft Windows [Version 10.0.10586]
1. Right click on a file and open it in VS Code
2. Right click on same file or any other file and open it with VS Code
3. VS Code will fire an another VS Code application instead of showing it on already opened application
For same files it is better to show already opened file instead of opening an another one.",feature,bug
2026-03-07 05:06:25,"[145, 157, 451, 554, 656, 664, 1026, 1092, 1277, 1500, 1558, 1780, 2043, 2340, 2413, 3103, 3171, 3173, 3198, 3267]",why different  keyboard-shortcuts for Linux、mac、Windows？,"- VSCode Version:
Reproduces without extensions: Yes/No",question,bug
2026-03-07 05:06:27,"[145, 157, 451, 554, 656, 664, 1026, 1092, 1277, 1500, 1558, 1780, 2043, 2340, 2413, 3103, 3171, 3173, 3198, 3267]",add an indicator to the file name about errors,"display an indicator (red dot?) next to the name of a file with errors in
- explorer view
![image](https://user-images.githubusercontent.com/937933/33483593-8ce1b884-d66c-11e7-9f59-6eb0a504c09b.png)
- source control view
![image](https://user-images.githubusercontent.com/937933/33483555-5cd77890-d66c-11e7-9a3d-38f2417b25fb.png)",feature,feature
2026-03-07 05:06:28,"[145, 157, 451, 554, 656, 664, 1026, 1092, 1277, 1500, 1558, 1780, 2043, 2340, 2413, 3103, 3171, 3173, 3198, 3267]",intellisense's error detection not working,"In cmd is got error TS2341 but it didn't show up on VSCode
VS Code version: Code 1.33.1 (51b0b28134d51361cf996d2f0a1c698247aeabd8, 2019-04-11T08:27:14.102Z)
OS version: Windows_NT x64 10.0.17134
<details>
<summary>System Info</summary>
|Item|Value|
|CPUs|Intel(R) Core(TM) i3-4010U CPU @ 1.70GHz (4 x 1696)|
|GPU Status|2d_canvas: enabled<br>checker_imaging: disabled_off<br>flash_3d: enabled<br>flash_stage3d: enabled<br>flash_stage3d_baseline: enabled<br>gpu_compositing: enabled<br>multiple_raster_threads: enabled_on<br>native_gpu_memory_buffers: disabled_software<br>rasterization: enabled<br>surface_synchronization: enabled_on<br>video_decode: enabled<br>webgl: enabled<br>webgl2: enabled|
|Memory (System)|11.88GB (6.95GB free)|
|Process Argv||
|Screen Reader|no|
|VM|0%|
</details>Extensions: none",question,bug
2026-03-07 05:06:28,"[145, 157, 451, 554, 656, 664, 1026, 1092, 1277, 1500, 1558, 1780, 2043, 2340, 2413, 3103, 3171, 3173, 3198, 3267]","Need scrollTop, scrollBottom, and scrollToCursor commands for Home, End and Control-L key bindings on macOS","Hi there,
If we follow Apple apps like xcode or Pages as an example for macOS text input key mappings, some things are fine in VS Code. ```cmd+up``` is mapped to ```cursorTop``` and ```cmd+down``` is mapped to ```cursorBottom``` by default which is great. We can map ```pageup``` to ```scrollPageUp``` and ```pagedown``` to ```scrollPageDown``` to follow macOS behaviour of not moving the cursor when these are pressed (PS should these be macOS defaults?).
But we cannot map ```home``` to ```scrollTop``` and ```end``` to ```scrollBottom``` because the commands ```scrollTop``` and ```scrollBottom``` do not exist! Therefore on my keyboard ```home``` and ```end``` do nothing in a text file.
Could these missing two commands please be added to allow standard macOS key mappings for ```home``` and ```end```?
BR,
Mark
PS: After scrolling one often uses ```Ctrl-L``` ([reference](https://support.apple.com/en-in/HT201236)) to return to the cursor position - would be great if suitable command for this standard macOS shortcut was also added, e.g. ```scrollToCursor```",question,feature
2026-03-07 05:06:28,"[145, 157, 451, 554, 656, 664, 1026, 1092, 1277, 1500, 1558, 1780, 2043, 2340, 2413, 3103, 3171, 3173, 3198, 3267]",add linux bash support in inbuilt terminal of VSCoDE,"in inbuilt terminal of vscode the , if wish to enter the bash console (Linux bash is added in windows 10.1607 version) its says bash command not found,
all other commands works well but bash 👎",question,feature
2026-03-07 05:06:28,"[145, 157, 451, 554, 656, 664, 1026, 1092, 1277, 1500, 1558, 1780, 2043, 2340, 2413, 3103, 3171, 3173, 3198, 3267]",Terraform plan command after entering its blank in Terminal,I am trying to execute the terraform plan command but its not executing. Terraform init executes successfully.,question,bug
2026-03-07 05:06:29,"[145, 157, 451, 554, 656, 664, 1026, 1092, 1277, 1500, 1558, 1780, 2043, 2340, 2413, 3103, 3171, 3173, 3198, 3267]",Mouse not working at all in terminal + all terminal editor keybinding is occupied by vs code,"Does this issue occur when all extensions are disabled?: Yes
- VS Code Version: 1.79.2
- OS Version: Windows 10.
1. Open Vs code
2. Open new terminal
3. SSH into a server,  for example: ssh username@192.168.2.87  (i was logged into an ubuntu server)
4. open some larger config file @ the server. for example:
sudo nano .bashrc
sudo micro .bashrc
### The first bug:
**the mouse does not work at all in does editors**. Nor in nano, nor in micro.
In different terminal softwares: ""Micro editor"" >> uses the mouse with no problem.
""Nano editor"" could use the mouse with the  -m switch.
After two hours of ai chat and google and youtube i could not use the mouse in the terminal.
### The second bug:
If in nano or micro editor i try to do anything usual (save, exit, delete a line, copy/paste), there is a huge possibility that a vs code keyboard shortcut is conflicting with the nano and or micro editor.
- Ctrl+K in nano editor to delete a line >> no chance to use it in vs code terminal
- Ctrl+Shift+K in micro editor to delete a line >> does not work in vs code terminal
- ctrl+q to exit from micro editor in the terminal >> steps out from the terminal in vs code so you can not close the micro editor
vs code look promissing, but without the mouse usage in the terminal it has a ""DOS"" system productivity,
and with the keybindings conflict, using vs code to ssh is basically impossible
Bence Gyulai",question,bug
2026-03-07 05:06:29,"[145, 157, 451, 554, 656, 664, 1026, 1092, 1277, 1500, 1558, 1780, 2043, 2340, 2413, 3103, 3171, 3173, 3198, 3267]",Question on Build and Run From Source instructions: Node version,"The wiki [instructions](https://github.com/Microsoft/vscode/wiki/How-to-Contribute#build-and-run-from-source) say that I'll need Node.JS, at least version 5.10.   For unrelated reasons, I'm reluctant to install anything later than the latest [LTS](https://github.com/nodejs/LTS#lts_schedule) release (v4.4.5) on the default PATH on my dev system.
Is v5.10 still the best release for working on vscode?   Any reason not use the 'Current' v6.2.2?
Is it possible to setup and use a side-by-side version of Node.js for the purpose of contributing to vscode on the same machine where latest LTS-compatible tools are built?     Any recommended approach would be helpful?
TIA",question,bug
2026-03-07 05:06:29,"[145, 157, 451, 554, 656, 664, 1026, 1092, 1277, 1500, 1558, 1780, 2043, 2340, 2413, 3103, 3171, 3173, 3198, 3267]",breakpoint not hit,"```
function fn(...args: any[]) {
    console.log(args);
}

fn(1, 2, true, {});
```
- have the snippet above as **ts** with **sourcemaps**
- set breakpoints in the function body and on function invocation (last line)
- F5
*> only the breakpoint in the function body is hit, not the invocation breakpoint",bug,bug
2026-03-07 05:06:30,"[145, 157, 451, 554, 656, 664, 1026, 1092, 1277, 1500, 1558, 1780, 2043, 2340, 2413, 3103, 3171, 3173, 3198, 3267]",WinMain,"So when I try to compile my code, it gave me this: undefined reference to `WinMain' and I tried to search about it. Someone told me to go to setting and do something but I can't find that they told me so it not work. Can someone help?
VS Code version: Code 1.60.2 (7f6ab5485bbc008386c4386d08766667e155244e, 2021-09-22T12:00:31.514Z)
OS version: Windows_NT x64 10.0.19043
Restricted Mode: No
<details>
<summary>System Info</summary>
|Item|Value|
|CPUs|11th Gen Intel(R) Core(TM) i5-1135G7 @ 2.40GHz (8 x 2419)|
|GPU Status|2d_canvas: enabled<br>gpu_compositing: enabled<br>multiple_raster_threads: enabled_on<br>oop_rasterization: enabled<br>opengl: enabled_on<br>rasterization: enabled<br>skia_renderer: enabled_on<br>video_decode: enabled<br>vulkan: disabled_off<br>webgl: enabled<br>webgl2: enabled|
|Load (avg)|undefined|
|Memory (System)|15.76GB (7.77GB free)|
|Process Argv|--crash-reporter-id b3b8f5f5-854b-4058-96b1-39a067a60ca1|
|Screen Reader|no|
|VM|0%|
</details><details><summary>Extensions (24)</summary>
Extension|Author (truncated)|Version
pascal|ale|9.3.0
pascal-formatter|ale|2.5.0
code-gnu-global|aus|0.2.2
npm-intellisense|chr|1.4.0
doxdocgen|csc|1.3.2
vscode-npm-script|eg2|0.3.22
c-cpp-runner|fra|1.4.1
vscode-pull-request-github|Git|0.30.0
better-cpp-syntax|jef|1.15.10
vscode-docker|ms-|1.17.0
remote-containers|ms-|0.194.3
remote-ssh|ms-|0.65.8
remote-ssh-edit|ms-|0.65.8
remote-wsl|ms-|0.58.2
cmake-tools|ms-|1.8.1
cpptools|ms-|1.7.0-insiders2
cpptools-extension-pack|ms-|1.0.0
vsliveshare|ms-|1.0.4962
vsliveshare-audio|ms-|0.1.91
debugger-for-chrome|msj|4.13.0
ponicode|Pon|0.53.0
tabnine-vscode|Tab|3.4.29
cmake|twx|0.0.17
vscode-arduino|vsc|0.4.6
(1 theme extensions excluded)
</details><details>
<summary>A/B Experiments</summary>
```
vsliv368:30146709
vsreu685:30147344
python383cf:30185419
pythonvspyt602:30300191
vspor879:30202332
vspor708:30202333
vspor363:30204092
pythonvspyt639:30300192
pythontb:30283811
pythonptprofiler:30281270
vshan820:30294714
vstes263cf:30335440
pythondataviewer:30285071
pythonvsuse255:30340121
vscod805:30301674
pythonvspyt200:30340761
binariesv615:30325510
vsccppwtct:30378365
pythonvssor306:30344512
bridge0708:30335490
pygetstartedt2:30371810
dockerwalkthru:30377721
bridge0723:30353136
pythonrunftest32:30373476
pythonf5test824:30373475
javagetstartedc:30364665
pythonvspyt187:30373474
pydsgsc2:30361791
vsqsis200:30374795
vsaa593:30376534

```
</details>",question,bug
2026-03-07 05:06:30,"[145, 157, 451, 554, 656, 664, 1026, 1092, 1277, 1500, 1558, 1780, 2043, 2340, 2413, 3103, 3171, 3173, 3198, 3267]",Needs to provide ability for watching sources from github inside vs code,"I work with net core every day. Sometimes i really want to watch inside some classes, for example, i want to understand how i can use my own ```IGroupManager``` in Signalr Core, or maybe i want to understand possibility of catch ```NRE``` when i use ```MemoryCache.Get```. For investigate this thing i every time go to browser, go to github, and trying to find necessary sources there.
It is possible to watch sources from github inside my visual studio code? Maybe you know about extensions which can decompile sources or redirect me to github page with source code.
This can be useful on other programming platforms, not only netcore.",question,feature
2026-03-07 05:06:31,"[145, 157, 451, 554, 656, 664, 1026, 1092, 1277, 1500, 1558, 1780, 2043, 2340, 2413, 3103, 3171, 3173, 3198, 3267]",NPE in TextFileEditorModel after switching language,"- open the settings editor
- add the following
```
	""files.associations"": {
		""foo.txt"": ""json""
	}
```
- make changes to the langage (json -> jsonc)
- dev tools console shows:
4log.js:199   ERR Cannot read property 'substr' of null: TypeError: Cannot read property 'substr' of null
at TextFileEditorModel.BaseTextEditorModel.getFirstLineText (file:///home/aeschli/workspaces/vscode/out/vs/workbench/common/editor/textEditorModel.js:99:52)
at TextFileEditorModel.updateTextEditorModelMode (file:///home/aeschli/workspaces/vscode/out/vs/workbench/services/textfile/common/textFileEditorModel.js:133:38)
at TextFileEditorModel.onFilesAssociationChange (file:///home/aeschli/workspaces/vscode/out/vs/workbench/services/textfile/common/textFileEditorModel.js:127:18)
at file:///home/aeschli/workspaces/vscode/out/vs/workbench/services/textfile/common/textFileEditorModel.js:67:107
at Emitter.fire (file:///home/aeschli/workspaces/vscode/out/vs/base/common/event.js:104:38)
at TextFileService.onFilesConfigurationChange (file:///home/aeschli/workspaces/vscode/out/vs/workbench/services/textfile/common/textFileService.js:292:48)
at file:///home/aeschli/workspaces/vscode/out/vs/workbench/services/textfile/common/textFileService.js:103:27
at Emitter.fire (file:///home/aeschli/workspaces/vscode/out/vs/base/common/event.js:104:38)
at WorkspaceService.triggerConfigurationChange (file:///home/aeschli/workspaces/vscode/out/vs/workbench/services/configuration/node/configurationService.js:534:48)
at WorkspaceService.onUserConfigurationChanged (file:///home/aeschli/workspaces/vscode/out/vs/workbench/services/configuration/node/configurationService.js:387:18)
`textSnapshot.read()` returns null.",bug,bug
2026-03-07 05:06:31,"[145, 157, 451, 554, 656, 664, 1026, 1092, 1277, 1500, 1558, 1780, 2043, 2340, 2413, 3103, 3171, 3173, 3198, 3267]",Treat words with hyphens as one word in Autocomplete,"![dash autocomplete](https://user-images.githubusercontent.com/44815197/95623663-b161df00-0a43-11eb-8f04-13e7f65db335.png)
A picture is worth a thousand words so here's the difference between Notepad++ autocomplete including a word with a hyphen versus VS Code separating it before the hyphen.
I've already removed hyphen's from ""editor.wordSeparators"" but it does not change the behavior. Unsure whether it is a bug (not feature haha) of editor.wordSeparators or if that is not the intended sure of that setting but either way this would be a nice feature to have.",question,feature
2026-03-07 05:06:31,"[145, 157, 451, 554, 656, 664, 1026, 1092, 1277, 1500, 1558, 1780, 2043, 2340, 2413, 3103, 3171, 3173, 3198, 3267]",Unable to call Select Default Shell,"I have moved from fish to zsh, but vscode still has $SHELL cached as `/usr/local/bin/fish`. I'd like to not need to keep `""terminal.integrated.shell.osx"": ""/bin/zsh""` in my `settings.json`, but the `Select Default Shell` command referenced in https://code.visualstudio.com/docs/editor/integrated-terminal#_configuration seems to be missing for me
VS Code version: Code 1.30.1 (dea8705087adb1b5e5ae1d9123278e178656186a, 2018-12-18T18:05:00.654Z)
OS version: Darwin x64 18.2.0
<details>
<summary>System Info</summary>
|Item|Value|
|CPUs|Intel(R) Core(TM) i7-6700HQ CPU @ 2.60GHz (8 x 2600)|
|GPU Status|2d_canvas: enabled<br>checker_imaging: disabled_off<br>flash_3d: enabled<br>flash_stage3d: enabled<br>flash_stage3d_baseline: enabled<br>gpu_compositing: enabled<br>multiple_raster_threads: enabled_on<br>native_gpu_memory_buffers: enabled<br>rasterization: enabled<br>video_decode: enabled<br>video_encode: enabled<br>webgl: enabled<br>webgl2: enabled|
|Load (avg)|2, 2, 2|
|Memory (System)|16.00GB (1.54GB free)|
|Process Argv||
|Screen Reader|no|
|VM|0%|
</details><details><summary>Extensions (17)</summary>
Extension|Author (truncated)|Version
ng-template|Ang|0.1.11
gitlens|eam|9.2.2
EditorConfig|Edi|0.12.5
tslint|eg2|1.0.42
vscode-npm-script|eg2|0.3.5
insert-incrementing-numbers|jac|0.0.1
Angular-BeastCode|Mik|7.0.20
python|ms-|2018.12.1
cpptools|ms-|0.20.1
vsliveshare|ms-|0.3.1071
debugger-for-chrome|msj|4.11.1
vetur|oct|0.14.3
subtle-brackets|raf|3.0.0
vscode-multiclip|sle|0.1.5
code-spell-checker|str|1.6.10
pdf|tom|0.4.3
vscode-todo-highlight|way|1.0.4
</details>",question,bug
2026-03-07 05:06:32,"[145, 157, 451, 554, 656, 664, 1026, 1092, 1277, 1500, 1558, 1780, 2043, 2340, 2413, 3103, 3171, 3173, 3198, 3267]",Error: Cannot find module 'c:/Program Files/Microsoft VS Code Insiders/resources/app/extensions/ms-vscode.js-debug-nightly/src/bootloader.js',"<pre>
>npm i qr-image
internal/modules/cjs/loader.js:796
throw err;
Error: Cannot find module 'c:/Program Files/Microsoft VS Code Insiders/resources/app/extensions/ms-vscode.js-debug-nightly/src/bootloader.js'
Require stack:
- internal/preload
at Function.Module._resolveFilename (internal/modules/cjs/loader.js:793:17)
at Function.Module._load (internal/modules/cjs/loader.js:686:27)
at Module.require (internal/modules/cjs/loader.js:848:19)
at Module._preloadModules (internal/modules/cjs/loader.js:1133:12)
at loadPreloadModules (internal/bootstrap/pre_execution.js:443:5)
at prepareMainThreadExecution (internal/bootstrap/pre_execution.js:62:3)
at internal/main/run_main_module.js:7:1 {
code: 'MODULE_NOT_FOUND',
requireStack: [ 'internal/preload' ]
</pre>
VS Code version: Code - Insiders 1.46.0-insider (9e439b13d5784538333bee044ca1d1a992bc1c90, 2020-05-28T18:44:47.151Z)
OS version: Windows_NT x64 10.0.18363
<details>
<summary>System Info</summary>
|Item|Value|
|CPUs|Intel(R) Core(TM) i7-3770S CPU @ 3.10GHz (8 x 3093)|
|GPU Status|2d_canvas: unavailable_software<br>flash_3d: disabled_software<br>flash_stage3d: disabled_software<br>flash_stage3d_baseline: disabled_software<br>gpu_compositing: disabled_software<br>multiple_raster_threads: enabled_on<br>oop_rasterization: disabled_off<br>protected_video_decode: disabled_off<br>rasterization: disabled_software<br>skia_renderer: disabled_off_ok<br>video_decode: disabled_software<br>viz_display_compositor: enabled_on<br>viz_hit_test_surface_layer: disabled_off_ok<br>webgl: unavailable_software<br>webgl2: unavailable_software|
|Load (avg)|undefined|
|Memory (System)|15.94GB (7.38GB free)|
|Process Argv|--disable-gpu|
|Screen Reader|no|
|VM|0%|
</details><details><summary>Extensions (32)</summary>
Extension|Author (truncated)|Version
vscode-sqlite|ale|0.8.2
vscode-bazel|Baz|0.3.0
cssrem|cip|0.1.0
vscode-svgviewer|css|2.0.0
binary-plist|dni|0.4.0
vscode-html-css|ecm|0.2.3
vscode-pull-request-github|Git|0.16.1
todo-tree|Gru|0.0.176
vscode-nginx-conf-hint|han|0.1.0
syntax-project-pbxproj|mar|0.1.3
code-beautifier|mic|2.3.3
vscode-language-pack-zh-hans|MS-|1.46.0
vscode-edge-devtools|ms-|1.0.7
python|ms-|2020.5.80290
cpptools|ms-|0.28.1
powershell-preview|ms-|2020.5.0
debugger-for-chrome|msj|4.12.8
debugger-for-edge|msj|1.0.14
sqltools|mtx|0.21.9
vetur|oct|0.24.0
java|red|0.62.0
vscode-xml|red|0.11.0
live-sass|rit|3.0.0
LiveServer|rit|5.6.1
sass-indented|syl|1.8.4
vscodeintellicode|Vis|1.2.7
vscode-java-debug|vsc|0.26.0
vscode-java-dependency|vsc|0.10.1
vscode-java-pack|vsc|0.9.1
vscode-java-test|vsc|0.22.4
vscode-maven|vsc|0.21.4
vscode-todo-highlight|way|1.0.4
</details>",bug,bug
2026-03-07 05:06:32,"[145, 157, 451, 554, 656, 664, 1026, 1092, 1277, 1500, 1558, 1780, 2043, 2340, 2413, 3103, 3171, 3173, 3198, 3267]",I cant run my program and it says  #include<iostream> is a problem,It happened after it wouldn't let me launch so I made a new cpp file then it gave me an error saying path does not exist and it only runs on node .js but there's no output,question,bug
2026-03-07 05:06:33,"[145, 157, 451, 554, 656, 664, 1026, 1092, 1277, 1500, 1558, 1780, 2043, 2340, 2413, 3103, 3171, 3173, 3198, 3267]",No hints for object literals in Typescript Hints,"Does this issue occur when all extensions are disabled?: Yes
Version: 1.63.2 (user setup)
Commit: 899d46d82c4c95423fb7e10e68eba52050e30ba3
Date: 2021-12-15T09:40:02.816Z
Electron: 13.5.2
Chromium: 91.0.4472.164
Node.js: 14.16.0
V8: 9.1.269.39-electron.0
OS: Windows_NT x64 10.0.19044
Windows 10 Pro 21H2 19044.1466
1. Use `""typescript.inlayHints.parameterNames.enabled"": ""literals"",` in `settings.json`
Result:
![5fa91c6c4b7d3119c0973f1e9e412d4d](https://user-images.githubusercontent.com/98740159/152335391-a2b60560-97a4-4b5e-bf34-ce5614c244d9.png)",question,bug
2026-03-07 05:06:33,"[145, 157, 451, 554, 656, 664, 1026, 1092, 1277, 1500, 1558, 1780, 2043, 2340, 2413, 3103, 3171, 3173, 3198, 3267]","VS Code can send hundreds of formatRange requests with editor.formatOnSaveMode"": ""modificationsIfAvailable"" if an extension doesn't implement provideDocumentRangesFormattingEdits","Does this issue occur when all extensions are disabled?: N/A
- VS Code Version: Version: 1.88.0-insider (user setup)
Commit: 7107b38665e428a974c06b2c6e8f67a9a078aefd
Date: 2024-03-13T05:48:45.252Z
Electron: 28.2.6
ElectronBuildId: 27476517
Chromium: 120.0.6099.291
Node.js: 18.18.2
V8: 12.0.267.19-electron.0
OS: Windows_NT x64 10.0.22631
1.   ""editor.formatOnSaveMode"": ""modificationsIfAvailable"",
""editor.formatOnSave"": true,
2. With a document with lots of git changes.
3. And an extension that doesn't implement provideDocumentRangesFormattingEdits (only provideDocumentRangeFormattingEdits).
We're seeing our C++ extension can get sent hundreds (e.g. 500) of formatRange requests from VS Code which can take 10+ minutes to process. We don't implement provideDocumentRangesFormattingEdits -- can VS Code only send 1 formatRange request when an extension doesn't implement provideDocumentRangesFormattingEdits or do we need to implement that?",question,bug
2026-03-07 05:06:34,"[145, 157, 451, 554, 656, 664, 1026, 1092, 1277, 1500, 1558, 1780, 2043, 2340, 2413, 3103, 3171, 3173, 3198, 3267]",Custom variables ?,Can one create their own custom custom variable with the `${}` syntax; there is no mention in the documentation ?,question,feature
2026-03-07 05:06:34,"[145, 157, 451, 554, 656, 664, 1026, 1092, 1277, 1500, 1558, 1780, 2043, 2340, 2413, 3103, 3171, 3173, 3198, 3267]",Unable to remove statically forwarded ports,"Does this issue occur when all extensions are disabled?: Yes
- VS Code Version: 1.75.1
- OS Version: MacOS Ventura 13.2.1
1.  Run a service inside a devcontainer
2.  From the devcontainer try to run a server on port localhost:8181
3.  Check the ports tab
There seems to be some automatic port forwarding happening on my machine. I am unable to hit localhost:8181 on which the service is actually supposed to be running. Besides that, there seems to be no option to remove the statically forwarded ports.
I have set Remote : Auto Forward ports to off in the settings, so the auto port forwarding shouldn't ideally be happening. If it is, there should be an option to remove these.
![Untitled](https://user-images.githubusercontent.com/50285787/221849881-d09aa57d-d7e0-4971-9987-40f41192fde0.png)
Also, my devconatiner.json has ""forwardPorts"": [], I am not even sure where this port forwarding his happening from, but there should definitely be an option to edit this or remove them completely",question,bug
2026-03-07 05:06:34,"[145, 157, 451, 554, 656, 664, 1026, 1092, 1277, 1500, 1558, 1780, 2043, 2340, 2413, 3103, 3171, 3173, 3198, 3267]",registerCompletionItemProvider not trigger `@` char in less.,"![image](https://user-images.githubusercontent.com/13595509/55491415-04492200-5668-11e9-90a4-ed1929b22aef.png)
![image](https://user-images.githubusercontent.com/13595509/55491503-293d9500-5668-11e9-89c1-875767f94ad1.png)",question,bug
2026-03-07 05:06:35,"[145, 157, 451, 554, 656, 664, 1026, 1092, 1277, 1500, 1558, 1780, 2043, 2340, 2413, 3103, 3171, 3173, 3198, 3267]",Tab key not working,"Probably comes with a fault when I downloaded software today. Went to settings, enabled tab completion, looked online, etc...but I'm unable to fix the issue.
Can you help?
Thx
VS Code version: Code 1.39.2 (6ab598523be7a800d7f3eb4d92d7ab9a66069390, 2019-10-15T15:35:18.241Z)
OS version: Windows_NT x64 10.0.18362
<details>
<summary>System Info</summary>
|Item|Value|
|CPUs|Intel(R) Core(TM) i5-3210M CPU @ 2.50GHz (4 x 2494)|
|GPU Status|2d_canvas: enabled<br>flash_3d: enabled<br>flash_stage3d: enabled<br>flash_stage3d_baseline: enabled<br>gpu_compositing: enabled<br>multiple_raster_threads: enabled_on<br>native_gpu_memory_buffers: disabled_software<br>oop_rasterization: disabled_off<br>protected_video_decode: unavailable_off<br>rasterization: enabled<br>skia_deferred_display_list: disabled_off<br>skia_renderer: disabled_off<br>surface_synchronization: enabled_on<br>video_decode: enabled<br>viz_display_compositor: disabled_off<br>webgl: enabled<br>webgl2: enabled|
|Load (avg)|undefined|
|Memory (System)|3.82GB (0.64GB free)|
|Process Argv||
|Screen Reader|no|
|VM|0%|
</details><details><summary>Extensions (1)</summary>
Extension|Author (truncated)|Version
LiveServer|rit|5.6.1
</details>",question,bug
2026-03-07 05:06:35,"[145, 157, 451, 554, 656, 664, 1026, 1092, 1277, 1500, 1558, 1780, 2043, 2340, 2413, 3103, 3171, 3173, 3198, 3267]",Selenium WebDrive auto compilation works only when other file open,"- VSCode Version: Code 1.19.2 (490ef761b76b3f3b3832eff7a588aac891e5fe80, 2018-01-10T15:55:03.538Z)
- OS Version: Windows_NT x64 10.0.16299
- Extensions:
Extension|Author (truncated)|Version
auto-rename-tag|for|0.0.15
angular2-switcher|inf|0.1.4
Angular-BeastCode|Mik|5.2.2
hg|mrc|1.2.3
cpptools|ms-|0.14.6
debugger-for-chrome|msj|4.1.0
angular2-inline|nat|0.0.17
vscode-icons|rob|7.19.0
vscode-todo-highlight|way|0.5.11
(1 theme extensions excluded)
So i use selenium webdriver js with typescript,
i wrote some code and the auto compilation works only when the index.js in the seleium folder in the node_ modules is open, and when i close it the auto compilation stop working
when i stoped using typescript and move to vanila javascript the autocompilation worked perfectly
The code `
import { Builder, By, Key, promise, until } from 'selenium-webdriver';
const driver = new Builder().forBrowser('firefox').build();",question,bug
2026-03-07 05:06:36,"[145, 157, 451, 554, 656, 664, 1026, 1092, 1277, 1500, 1558, 1780, 2043, 2340, 2413, 3103, 3171, 3173, 3198, 3267]",Clang ++ wont work,"Type: <b>Performance Issue</b>
I have tried to fix my issue when using clang++ or make commands on the terminal but everytime i do it states in the terminal that ""make: clang++: No such file or directory"" and when stating that is suggest i run the command ""sudo apt install clang"" and when i run it it gives me a huge description some stating "" Depends: libnsl-dev but it is not going to be installed"" , ""libgcc-11-dev : Depends: gcc-11-base (= 11.2.0-19ubuntu1) but 11.3.0-1ubuntu1~22.04 is to be installed
Depends: libitm1 (>= 11.2.0-19ubuntu1) but it is not going to be installed
Depends: libasan6 (>= 11.2.0-19ubuntu1) but it is not going to be installed"" and more and also stating ""E: Unable to correct problems, you have held broken packages."" and so far I have not been able to figure out how to fix this problem please and thank you in helping me fix this issue of mine.
VS Code version: Code 1.83.0 (e7e037083ff4455cf320e344325dacb480062c3c, 2023-10-03T16:11:49.843Z)
OS version: Linux x64 5.19.0-32-generic
Modes:
<details>
<summary>System Info</summary>
|Item|Value|
|CPUs|11th Gen Intel(R) Core(TM) i5-1135G7 @ 2.40GHz (8 x 3720)|
|GPU Status|2d_canvas: enabled<br>canvas_oop_rasterization: disabled_off<br>direct_rendering_display_compositor: disabled_off_ok<br>gpu_compositing: enabled<br>multiple_raster_threads: enabled_on<br>opengl: enabled_on<br>rasterization: enabled<br>raw_draw: disabled_off_ok<br>video_decode: enabled<br>video_encode: disabled_software<br>vulkan: disabled_off<br>webgl: enabled<br>webgl2: enabled<br>webgpu: disabled_off|
|Load (avg)|0, 0, 0|
|Memory (System)|7.49GB (4.30GB free)|
|Process Argv|part-1 --crash-reporter-id 7be4f1b2-64a1-405d-8d20-bc50867239a1|
|Screen Reader|no|
|VM|0%|
|DESKTOP_SESSION|ubuntu|
|XDG_CURRENT_DESKTOP|Unity|
|XDG_SESSION_DESKTOP|ubuntu|
|XDG_SESSION_TYPE|wayland|
</details><details>
<summary>Process Info</summary>
```
CPU %	Mem MB	   PID	Process
    0	   138	  4737	code main
    0	    38	  4740	   zygote
    0	   130	  4772	     gpu-process
    0	    38	  4741	   zygote
    0	     8	  4743	     zygote
    0	   215	  4816	window [1] (rectarea.cc - part-1 - Visual Studio Code)
    0	    92	  8191	window [2] (Issue Reporter)
    0	    61	  4780	   utility-network-service
    0	   146	  4839	extensionHost [1]
    0	    15	  4894	     /home/maritza/.vscode/extensions/ms-vscode.cpptools-1.17.5-linux-x64/bin/cpptools
    0	    92	  4851	shared-process
    0	     0	  8203	     /bin/sh -c /usr/bin/ps -ax -o pid=,ppid=,pcpu=,pmem=,command=
    0	     0	  8204	       /usr/bin/ps -ax -o pid=,ppid=,pcpu=,pmem=,command=
    0	    69	  4852	fileWatcher [1]
    0	    84	  5159	ptyHost
    0	     0	  7095	     /usr/bin/bash --init-file /usr/share/code/resources/app/out/vs/workbench/contrib/terminal/browser/media/shellIntegration-bash.sh
```
</details>
<details>
<summary>Workspace Info</summary>
```
|  Window (rectarea.cc - part-1 - Visual Studio Code)
|    Folder (part-1): 7 files
|      File types: cc(3) gitignore(1) md(1) h(1)
|      Conf files: makefile(1);
```
</details>
<details><summary>Extensions (6)</summary>
Extension|Author (truncated)|Version
remote-containers|ms-|0.315.1
cmake-tools|ms-|1.15.31
cpptools|ms-|1.17.5
cpptools-extension-pack|ms-|1.3.0
makefile-tools|ms-|0.7.0
cmake|twx|0.0.17
(1 theme extensions excluded)
</details><details>
<summary>A/B Experiments</summary>
```
vsliv368cf:30146710
vsreu685:30147344
python383:30185418
vspor879:30202332
vspor708:30202333
vspor363:30204092
vstes627:30244334
vslsvsres303:30308271
vserr242:30382549
pythontb:30283811
vsjup518:30340749
pythonptprofiler:30281270
vsdfh931cf:30280410
vshan820:30294714
vstes263:30335439
vscod805:30301674
binariesv615:30325510
bridge0708:30335490
bridge0723:30353136
vsaa593:30376534
pythonvs932:30410667
py29gd2263:30856252
vsclangdc:30486549
c4g48928:30535728
dsvsc012:30540252
pynewext54:30695312
azure-dev_surveyone:30548225
3biah626:30602489
89544117:30613380
2i9eh265:30646982
showlangstatbar:30737416
962ge761:30841074
03d35959:30757346
24365598:30736109
pythonfmttext:30731395
fixshowwlkth:30771522
showindicator:30805244
pythongtdpath:30769146
i26e3531:30792625
pythonnosmt12:30797651
pythonidxptcf:30805731
pythonnoceb:30805159
copilotsettingt:30839829
dsvsc013:30795093
dsvsc014:30804076
diffeditorv2:30821572
pythonmhint1:30842940
dsvsc015:30845448

```
</details>",question,bug
2026-03-07 05:06:36,"[145, 157, 451, 554, 656, 664, 1026, 1092, 1277, 1500, 1558, 1780, 2043, 2340, 2413, 3103, 3171, 3173, 3198, 3267]",VSCode for Ubunut 20.04 environment importing issue,"- VS Code Version: 1.54.3
- OS Version: Ubuntu 20.04
I have posted my issue on Stackoverflow but no one has replied. Here's the [link](https://stackoverflow.com/questions/66775157/conda-environment-not-working-in-vscode-ubuntu-20)
Moreover, can you tell me how can I change the font? On Mac it's so easy but it doesn't work the same way on Ubuntu. This is the line that I have added for Monaco font `Monaco, 'Courier New', monospace`. Even the font size won't change.",question,bug
2026-03-07 05:06:37,"[145, 157, 451, 554, 656, 664, 1026, 1092, 1277, 1500, 1558, 1780, 2043, 2340, 2413, 3103, 3171, 3173, 3198, 3267]",Problem with hinting in javascript,"Please take a look at a git I pasted below. Why editor doesn't hint me method / properties in some cases.
https://thumbs.gfycat.com/ShorttermNiceCurlew-size_restricted.gif",question,bug
2026-03-07 05:06:37,"[145, 157, 451, 554, 656, 664, 1026, 1092, 1277, 1500, 1558, 1780, 2043, 2340, 2413, 3103, 3171, 3173, 3198, 3267]",Possible to install extensions offline?,"Hi,
is it possible to install extensions while being offline? At times I don't have direct access to the internet, it would be really great if I could download the extensions beforehand, and install later while offline. I wouldn't mind copying files into specific directories by hand, as long as it gets the job done.",feature,feature
2026-03-07 05:06:37,"[145, 157, 451, 554, 656, 664, 1026, 1092, 1277, 1500, 1558, 1780, 2043, 2340, 2413, 3103, 3171, 3173, 3198, 3267]",The encodinhg  of the terminal changes after I run this c++ code,"I was just testing this random code and when I run this code on visual studio code using the code runner extension , the encoding of the whole terminal changes and I can't understand anything
This is the code that i ran
#include <iostream>
#include <string>
using namespace std;
int main(){
string str=""Hello World"";
string* st=&str;
cout<<st[1];
The image containing the issue is shown below
<img width=""1080"" alt=""image"" src=""https://user-images.githubusercontent.com/97352165/158341341-a6ba5505-e8fd-423b-899f-56b4f8b9f3b5.png"">
VS Code version: Code 1.65.2 (c722ca6c7eed3d7987c0d5c3df5c45f6b15e77d1, 2022-03-10T14:33:55.248Z)
OS version: Windows_NT x64 10.0.22000
Restricted Mode: No
<details>
<summary>System Info</summary>
|Item|Value|
|CPUs|11th Gen Intel(R) Core(TM) i3-1115G4 @ 3.00GHz (4 x 2995)|
|GPU Status|2d_canvas: enabled<br>gpu_compositing: enabled<br>multiple_raster_threads: enabled_on<br>oop_rasterization: enabled<br>opengl: enabled_on<br>rasterization: enabled<br>skia_renderer: enabled_on<br>video_decode: enabled<br>vulkan: disabled_off<br>webgl: enabled<br>webgl2: enabled|
|Load (avg)|undefined|
|Memory (System)|7.79GB (2.64GB free)|
|Process Argv|--crash-reporter-id fb7d02a0-7a15-4c27-b8fc-a9f9c0cfcf75|
|Screen Reader|no|
|VM|0%|
</details><details><summary>Extensions (7)</summary>
Extension|Author (truncated)|Version
code-runner|for|0.11.7
better-cpp-syntax|jef|1.15.13
python|ms-|2022.2.1924087327
vscode-pylance|ms-|2022.3.1
cpptools|ms-|1.9.3
vscodeintellicode|Vis|1.2.17
vscode-icons|vsc|11.10.0
(2 theme extensions excluded)
</details><details>
<summary>A/B Experiments</summary>
```
vsliv368:30146709
vsreu685:30147344
python383:30185418
vspor879:30202332
vspor708:30202333
vspor363:30204092
pythonvspyl392:30443607
pythontb:30283811
pythonptprofiler:30281270
vshan820:30294714
vstes263cf:30335440
vscoreces:30445986
pythondataviewer:30285071
vscod805cf:30301675
pythonvspyt200:30340761
binariesv615:30325510
bridge0708:30335490
bridge0723:30353136
vsaa593:30376534
vsc1dst:30438360
pythonvs932:30410667
wslgetstarted:30449410
vsclayoutctrt:30451275
dsvsc009:30452663
pythonvspyt640:30450904
vscscmwlcmc:30438804
vscaat:30438848
pynewfile477:30450038

```
</details>",question,bug
2026-03-07 05:06:38,"[145, 157, 451, 554, 656, 664, 1026, 1092, 1277, 1500, 1558, 1780, 2043, 2340, 2413, 3103, 3171, 3173, 3198, 3267]",Add a one-click cancel syntax highlighting and auto completion,"## 🚀 Feature Proposal
As title, can you add two switchs in the settings or anywhere else to close/open all syntax highlighting and close/open all auto-completion? Thank you.",question,feature
2026-03-07 05:06:38,"[145, 157, 451, 554, 656, 664, 1026, 1092, 1277, 1500, 1558, 1780, 2043, 2340, 2413, 3103, 3171, 3173, 3198, 3267]",Omnisharp proeblem in Ubuntu 20.04 desktop,"Omnisharp fail I solved in this way
Note about using .NET Core 3.1.40x SDKs
The .NET 3.1.40x SDKs require version 16.7 of MSBuild.
For MacOS and Linux users who have Mono installed, this means you will need to set **omnisharp.useGlobalMono to never** until a version of Mono ships with MSBuild 16.7",question,bug
2026-03-07 05:06:38,"[145, 157, 451, 554, 656, 664, 1026, 1092, 1277, 1500, 1558, 1780, 2043, 2340, 2413, 3103, 3171, 3173, 3198, 3267]",a problem of vscode tooltip,"- VSCode Version: Code 1.13.1 (379d2efb5539b09112c793d3d9a413017d736f89, 2017-06-14T18:21:47.485Z)
- OS Version: Windows_NT ia32 10.0.15063
- Extensions:
|Extension|Author|Version|
|python|donjayamanne|0.6.5|
|Go|lukehoban|0.6.62|
|vscode-icons|robertohuertasm|7.9.0|
|Material-theme|zhuangtongfa|2.8.9|;
A wrong line will prompt the related tooltip when the cursor hover.
1. scroll the horizonal scrollbar to the rightmost.
2. hover the cursor on the wrong line.
3. the tooltip goes wrong and it has nothing to do with the theme.
![bug](https://user-images.githubusercontent.com/10704251/27522493-1737b6ae-5a59-11e7-91e7-bb1029ed9e9e.png)
![bug1](https://user-images.githubusercontent.com/10704251/27522496-1b6f8774-5a59-11e7-8c38-92f041c829f8.png)",bug,bug
2026-03-07 05:06:39,"[145, 157, 451, 554, 656, 664, 1026, 1092, 1277, 1500, 1558, 1780, 2043, 2340, 2413, 3103, 3171, 3173, 3198, 3267]",Open file at line and row number by html link,"It would be nice, if we can open vscode with a specific file and line/row number with a link.
Background:
We have a npm script which gets us all files with sepecific regex matches and put them in a html page and we want to open these files (with line/row numbers) from a link.
Is there a chance to get this feature?
We image something like this:
`<a href=""vscode://C:/temp/file.txt:51:120"">`",question,feature
2026-03-07 05:06:39,"[145, 157, 451, 554, 656, 664, 1026, 1092, 1277, 1500, 1558, 1780, 2043, 2340, 2413, 3103, 3171, 3173, 3198, 3267]",name quick fixes that should run on save,"testing #14299
Instead (or in addition) I wonder if it would be more useful to name the quick fixes that I want to run on save. This might not be a problem today as only a small subset of problems are auto-fixable but I can see conflicts from warnings that you want to be aware of vs warning you want to auto-magically fix (think of remove unused import).",feature,feature
2026-03-07 05:06:40,"[145, 157, 451, 554, 656, 664, 1026, 1092, 1277, 1500, 1558, 1780, 2043, 2340, 2413, 3103, 3171, 3173, 3198, 3267]","Allow the ability to ""preview"" large files","- VSCode Version: 1.8.1
- OS Version: Mac OSX Sierra
I often have to deal with large text files and currently if I want to just take a peek at one I have to drop to powershell and remember how `Get-Content` works so I can pull off the top 100 lines of the file then open it in VS Code. I have this problem in most editors due to the size of the files. Say 500MB+ CSV dumps.
I would love if VS Code could look at the file size and suggest a ""peek"" of the Top 100/500 lines etc.",feature,feature
2026-03-07 05:06:40,"[145, 157, 451, 554, 656, 664, 1026, 1092, 1277, 1500, 1558, 1780, 2043, 2340, 2413, 3103, 3171, 3173, 3198, 3267]",Add API to support custom width of document/webview columns,"As of now, it is possible to assign view-columns to API created documents/webviews. But, it is not possible to set their width ( in pixels or otherwise ) . This is needed in some extensions that use webviews, and  only need a small amount of space beside the main editor.
Currently, the user manually needs to resize them. Ability to do this programmatically ( set pixel widths of documents ) would be a nice addition to the API.
![image](https://user-images.githubusercontent.com/7714968/72125759-c7951e80-338f-11ea-9c35-1a6ce6e2cc03.png)
For example, in this image, the webview on the side is taking up very little space, but this had to be done manually.",question,feature
2026-03-07 05:06:40,"[145, 157, 451, 554, 656, 664, 1026, 1092, 1277, 1500, 1558, 1780, 2043, 2340, 2413, 3103, 3171, 3173, 3198, 3267]",Cursor doesn't always follow line indentation,"If you start a new block of code, the cursor auto indents when you create a line break (new line) for the body of the block e.g
class Test {
Here the opening curly brace of the block is followed by two line breaks before the closing brace.
If you arrow up now, the cursor doesn't stay inline with the indentation, but jumps to the beginning of the previous line.
The behaviour is the same using this code style too
class Test
// Some comment huh
Looking at the settings page and searching for 'cursor', there is not an option to change this behaviour from what I can see.
I work with C# but presume this happens in other languages, and wanted to know if this is a bug or if I'm doing something wrong.
Possibly irrelevant, but I don't see this in other IDEs I use such as IntelliJ where the cursor always follows line indentation when moving between lines.",question,bug
2026-03-07 05:06:41,"[145, 157, 451, 554, 656, 664, 1026, 1092, 1277, 1500, 1558, 1780, 2043, 2340, 2413, 3103, 3171, 3173, 3198, 3267]",Document continuous test tasks setup with PowerShell Pester,"Hi !
This is one about documentation on how to setup VSCode with PowerShell and Pester running tests continuously with tasks
1. Develop awesome PowerShell scripts / modules / DSC
2. Have awesome tests
3. Wanting to have those tests run on file changes
4. searching for docs on vscode https://code.visualstudio.com/Search?q=pester
5. can't find documentation
6. resorting to google and solves the problem, but would be nice to see some PowerShell love as well as it's barely even mentioned on vscode site @jpsnover",question,feature
2026-03-07 05:06:41,"[145, 157, 451, 554, 656, 664, 1026, 1092, 1277, 1500, 1558, 1780, 2043, 2340, 2413, 3103, 3171, 3173, 3198, 3267]",[loc][Query][VSCode] Please clarify placeholder,"Hi, we have a question from our translator. Can you help please? Thanks!
Source:
Not showing {0} further errors and warnings.
File Name:
src\vs\workbench\api\node\extHostDiagnostics.nls.resx
Resource ID:
"".resx"", 0; ""limitHit""
Query:
Could you clarify the meaning of the placeholder?   EVA 8/22/2016 10:30:42 AM",question,bug
2026-03-07 05:06:42,"[145, 157, 451, 554, 656, 664, 1026, 1092, 1277, 1500, 1558, 1780, 2043, 2340, 2413, 3103, 3171, 3173, 3198, 3267]",No extensions found,"I am unable to search and install any new extensions, i keep getting the following error whenever i do a search 'no extensions found'.  Any idea on how to resolve this?
VS Code version: Code 1.53.0 (8490d3dde47c57ba65ec40dd192d014fd2113496, 2021-02-03T20:36:38.611Z)
OS version: Windows_NT x64 10.0.19041
<details>
<summary>System Info</summary>
|Item|Value|
|CPUs|Intel(R) Core(TM) i7-6500U CPU @ 2.50GHz (4 x 2592)|
|GPU Status|2d_canvas: enabled<br>gpu_compositing: enabled<br>multiple_raster_threads: enabled_on<br>oop_rasterization: enabled<br>opengl: enabled_on<br>protected_video_decode: unavailable_off<br>rasterization: enabled<br>skia_renderer: enabled_on<br>video_decode: enabled<br>vulkan: disabled_off<br>webgl: enabled<br>webgl2: enabled|
|Load (avg)|undefined|
|Memory (System)|15.88GB (3.38GB free)|
|Process Argv|--crash-reporter-id 12925841-57f6-4b13-9216-b71417ea6375|
|Screen Reader|no|
|VM|0%|
</details><details><summary>Extensions (18)</summary>
Extension|Author (truncated)|Version
gitlens|eam|10.2.0
rest-client|hum|0.23.0
azure-pipelines|ms-|1.157.2
vscode-apimanagement|ms-|0.1.1
vscode-azureappservice|ms-|0.16.1
vscode-azurefunctions|ms-|0.20.0
vscode-azurestorage|ms-|0.7.2
vscode-azureterraform|ms-|0.2.4
vscode-cosmosdb|ms-|0.11.0
vscode-docker|ms-|0.8.2
mssql|ms-|1.6.0
azure-account|ms-|0.8.4
azurecli|ms-|0.4.6
powershell|ms-|2019.5.0
vscode-node-azure-pack|ms-|0.0.9
team|ms-|1.149.2
azurerm-vscode-tools|msa|0.6.0
azure-iot-toolkit|vsc|2.13.0
</details>",question,bug
2026-03-07 05:06:42,"[145, 157, 451, 554, 656, 664, 1026, 1092, 1277, 1500, 1558, 1780, 2043, 2340, 2413, 3103, 3171, 3173, 3198, 3267]","The ""Strat Debugging"" toolbar cannot be enabled.","Does this issue occur when all extensions are disabled?: Yes
- VS Code Version: 1.75.0 (Universal)
- OS Version: Darwin arm64 22.3.0
1. Right-click the toolbar and select 'Hide Start Debugging'
<img width=""356"" alt=""image"" src=""https://user-images.githubusercontent.com/13213238/216753174-2bd703e8-aa17-4e99-9c9e-91b8a807a025.png"">
2. The menu bar does not have an option turned on and I can't find any way to turn it on.
<img width=""400"" alt=""image"" src=""https://user-images.githubusercontent.com/13213238/216753468-a9a2e482-d051-4ef6-b4f6-27100ff755da.png"">
**In this case, it will be difficult to switch between different debugs.**",question,bug
2026-03-07 05:06:42,"[145, 157, 451, 554, 656, 664, 1026, 1092, 1277, 1500, 1558, 1780, 2043, 2340, 2413, 3103, 3171, 3173, 3198, 3267]",Clicking on path in exception traceback shows error on Windows,"### Applies To
### What happened?
There are clickable file path links in notebook cells exception tracebacks error output. But clicking them on Windows shows an error instead of opening the file.
Repro - run this cell and click on the traceback `.../lib/pathlib.py` file link:
```python
import pathlib
pathlib.Path(""C:\\non-existent-path"").stat()
```
![2023-02-22_223952](https://user-images.githubusercontent.com/3753822/220753632-7097a7bc-9da2-498e-9094-2ca578e8def5.png)
This error is shown:
![2023-02-22_224014](https://user-images.githubusercontent.com/3753822/220753680-119418b0-845b-43a4-933e-17c249dac2f1.png)
### VS Code Version
Version: 1.75.1 (user setup) Commit: 441438abd1ac652551dbe4d408dfcec8a499b8bf Date: 2023-02-08T21:32:34.589Z Electron: 19.1.9 Chromium: 102.0.5005.194 Node.js: 16.14.2 V8: 10.2.154.23-electron.0 OS: Windows_NT x64 10.0.19045 Sandboxed: No
### Jupyter Extension Version
v2023.1.2010391206
### Jupyter logs
### Coding Language and Runtime Version
Python 3.10
### Language Extension Version (if applicable)
v2023.2.0
### Anaconda Version (if applicable)
### Running Jupyter locally or remotely?
Local",bug,bug
2026-03-07 05:06:43,"[145, 157, 451, 554, 656, 664, 1026, 1092, 1277, 1500, 1558, 1780, 2043, 2340, 2413, 3103, 3171, 3173, 3198, 3267]",cs templates,"- VSCode Version: 1.1
- OS Version: OSX
1. Add new cs file
2. No namespace templated. No class templated",feature,feature
2026-03-07 05:06:43,"[145, 157, 451, 554, 656, 664, 1026, 1092, 1277, 1500, 1558, 1780, 2043, 2340, 2413, 3103, 3171, 3173, 3198, 3267]",Three click the line number to select a paragraph,"- VSCode Version: 1.2.0 (1.2.0)
- OS Version: OS X 10.11.4 (15E65)
1. Three click the line number
2. Select a paragraph",feature,feature
2026-03-07 05:06:45,"[145, 157, 451, 554, 656, 664, 1026, 1092, 1277, 1500, 1558, 1780, 2043, 2340, 2413, 3103, 3171, 3173, 3198, 3267]",Segmentation Fault 11 on start,"I just installed the latest (December refresh).
On starting the app, the icon appears briefly bouncing in the Dock, then disappears.
By opening from finder with control-click | Open, I get the same behavior followed  by an error dialog with the message text below; also, the following messages are in the system console:
1/4/16 8:32:53.117 PM com.apple.launchd.peruser.329406801[1003]: ([0x0-0x1e11e1].com.microsoft.VSCode[27012]) Job appears to have crashed: Segmentation fault: 11
1/4/16 8:32:53.230 PM ReportCrash[27014]: Saved crash report for Electron[27012] version 0.10.6 (0.10.6) to /Users/jtrent/Library/Logs/DiagnosticReports/Electron_2016-01-04-203253_Liberty-4.crash
1/4/16 8:32:53.328 PM UserNotificationCenter[27016]: **\* WARNING: Method userSpaceScaleFactor in class NSWindow is deprecated on 10.7 and later. It should not be used in new applications. Use convertRectToBacking: instead.
Process:         Electron [27001]
Path:            /Users/USER/*/Visual Studio Code.app/Contents/MacOS/Electron
Identifier:      com.microsoft.VSCode
Version:         0.10.6 (0.10.6)
Code Type:       X86-64 (Native)
Parent Process:  launchd [1003]
User ID:         329406801
Date/Time:       2016-01-04 20:30:52.038 -0800
OS Version:      Mac OS X 10.8.5 (12F2560)
Report Version:  10
Interval Since Last Report:          5734830 sec
Crashes Since Last Report:           832
Per-App Crashes Since Last Report:   5
Anonymous UUID:                      356BAF04-5F99-FF79-CAEC-DF0BEC7EE93F
Crashed Thread:  0  Dispatch queue: com.apple.main-thread
Exception Type:  EXC_BAD_ACCESS (SIGSEGV)
Exception Codes: KERN_INVALID_ADDRESS at 0x0000000000000000
VM Regions Near 0:
__TEXT                 000000010cf6b000-000000010cf6c000 [    4K] r-x/rwx SM=COW  /Users/USER/*/Visual Studio Code.app/Contents/MacOS/Electron
Thread 0 Crashed:: Dispatch queue: com.apple.main-thread
0   libsystem_c.dylib               0x00007fff94e46670 strlen + 16
1   com.github.electron.framework   0x000000010ec65932 0x10cf74000 + 30349618
2   com.github.electron.framework   0x000000010cfec7c0 atom::AtomBrowserMainParts::PreMainMessageLoopStart() + 16
3   com.github.electron.framework   0x000000010d5e1d53 0x10cf74000 + 6741331
4   com.github.electron.framework   0x000000010d5e755c 0x10cf74000 + 6763868
5   com.github.electron.framework   0x000000010d5e1547 0x10cf74000 + 6739271
6   com.github.electron.framework   0x000000010d56b45c 0x10cf74000 + 6255708
7   com.github.electron.framework   0x000000010d56aab6 0x10cf74000 + 6253238
8   com.github.electron.framework   0x000000010cf7624d AtomMain + 77
9   com.microsoft.VSCode            0x000000010cf6beea main + 58
10  libdyld.dylib                   0x00007fff8c3397e1 start + 1
Thread 1:
0   libsystem_kernel.dylib          0x00007fff90a216d6 __workq_kernreturn + 10
1   libsystem_c.dylib               0x00007fff94e5af1c _pthread_workq_return + 25
2   libsystem_c.dylib               0x00007fff94e5ace3 _pthread_wqthread + 412
3   libsystem_c.dylib               0x00007fff94e45191 start_wqthread + 13
Thread 2:: Dispatch queue: com.apple.libdispatch-manager
0   libsystem_kernel.dylib          0x00007fff90a21d16 kevent + 10
1   libdispatch.dylib               0x00007fff8e31edea _dispatch_mgr_invoke + 883
2   libdispatch.dylib               0x00007fff8e31e9ee _dispatch_mgr_thread + 54
Thread 3:
0   libsystem_kernel.dylib          0x00007fff90a216d6 __workq_kernreturn + 10
1   libsystem_c.dylib               0x00007fff94e5af1c _pthread_workq_return + 25
2   libsystem_c.dylib               0x00007fff94e5ace3 _pthread_wqthread + 412
3   libsystem_c.dylib               0x00007fff94e45191 start_wqthread + 13
Thread 4:
Thread 5:: WorkerPool/13827
0   libsystem_kernel.dylib          0x00007fff90a210fa __psynch_cvwait + 10
1   libsystem_c.dylib               0x00007fff94e5cff3 _pthread_cond_wait + 927
2   com.github.electron.framework   0x000000010d13504b 0x10cf74000 + 1839179
3   com.github.electron.framework   0x000000010d14744c 0x10cf74000 + 1913932
4   com.github.electron.framework   0x000000010d147904 0x10cf74000 + 1915140
5   com.github.electron.framework   0x000000010d141d8b 0x10cf74000 + 1891723
6   libsystem_c.dylib               0x00007fff94e58772 _pthread_start + 327
7   libsystem_c.dylib               0x00007fff94e451a1 thread_start + 13
Thread 6:: WorkerPool/13067
0   libsystem_kernel.dylib          0x00007fff90a210fa __psynch_cvwait + 10
1   libsystem_c.dylib               0x00007fff94e5cff3 _pthread_cond_wait + 927
2   com.github.electron.framework   0x000000010d13504b 0x10cf74000 + 1839179
3   com.github.electron.framework   0x000000010d14744c 0x10cf74000 + 1913932
4   com.github.electron.framework   0x000000010d147904 0x10cf74000 + 1915140
5   com.github.electron.framework   0x000000010d141d8b 0x10cf74000 + 1891723
6   libsystem_c.dylib               0x00007fff94e58772 _pthread_start + 327
7   libsystem_c.dylib               0x00007fff94e451a1 thread_start + 13
Thread 0 crashed with X86 Thread State (64-bit):
rax: 0x00000000ffffffff  rbx: 0x0000000000000000  rcx: 0x0000000000000000  rdx: 0x0000000000000000
rdi: 0x0000000000000000  rsi: 0x00007fff8e05d990  rbp: 0x00007fff52c94900  rsp: 0x00007fff52c948c8
r8: 0x00007f8c9380bbd0   r9: 0x00000000fa151ef9  r10: 0x00007f8c93802650  r11: 0x00007fff93b1d0d1
r12: 0x0000000000000000  r13: 0x0000000000000000  r14: 0x0000000110853475  r15: 0x00007f8c93804e78
rip: 0x00007fff94e46670  rfl: 0x0000000000010286  cr2: 0x0000000000000000
Logical CPU: 4
Binary Images:
0x10cf6b000 -        0x10cf6bff7 +com.microsoft.VSCode (0.10.6 - 0.10.6) <44B59DC7-17C0-344E-9476-89F506703390> /Users/USER/_/Visual Studio Code.app/Contents/MacOS/Electron
0x10cf74000 -        0x1105affc7 +com.github.electron.framework (0) <43F22AD4-5877-3725-9B48-F48327AAB615> /Users/USER/_/Visual Studio Code.app/Contents/Frameworks/Electron Framework.framework/Versions/A/Electron Framework
0x110dab000 -        0x110dc0ff7 +com.github.Squirrel (1.0 - 1) <C39DE518-902E-3EBE-B1A6-B4E7AE668521> /Users/USER/_/Visual Studio Code.app/Contents/Frameworks/Squirrel.framework/Versions/A/Squirrel
0x110ddf000 -        0x110e42ff7 +org.reactivecocoa.ReactiveCocoa (1.0 - 1) <701B20DE-3ADD-3643-B52A-E05744C30DB3> /Users/USER/_/Visual Studio Code.app/Contents/Frameworks/ReactiveCocoa.framework/Versions/A/ReactiveCocoa
0x110ebe000 -        0x110ed2fff +org.mantle.Mantle (1.0 - ???) <31915DD6-48E6-3706-A076-C9D4CE17F4F6> /Users/USER/_/Visual Studio Code.app/Contents/Frameworks/Mantle.framework/Versions/A/Mantle
0x110eed000 -        0x111aa6ff7 +libnode.dylib (0) <BB6D367F-6F18-3EEE-B03F-9A4A3D1464D5> /Users/USER/_/Visual Studio Code.app/Contents/Frameworks/Electron Framework.framework/Versions/A/Libraries/libnode.dylib
0x111e98000 -        0x111ee2ff7  com.apple.audio.midi.CoreMIDI (1.9 - 78) <28B1D3A5-973A-359A-99DC-18BE8C30C6B8> /System/Library/Frameworks/CoreMIDI.framework/Versions/A/CoreMIDI
0x111f12000 -        0x1128aca97  com.apple.CoreGraphics (1.600.0 - 340.4) <1B66B1D3-C371-329C-92AB-45C262241649> /System/Library/Frameworks/CoreGraphics.framework/Versions/A/CoreGraphics
0x7fff6cb6b000 -     0x7fff6cb9f93f  dyld (210.2.3) <A40597AA-5529-3337-8C09-D8A014EB1578> /usr/lib/dyld
0x7fff8a2a3000 -     0x7fff8a321fff  com.apple.ApplicationServices.ATS (341.2 - 341.5) <6B5001BF-101E-3135-9D1A-AD83ECD73C7A> /System/Library/Frameworks/ApplicationServices.framework/Versions/A/Frameworks/ATS.framework/Versions/A/ATS
0x7fff8a498000 -     0x7fff8a49aff7  com.apple.print.framework.Print (8.0 - 258) <34666CC2-B86D-3313-B3B6-A9977AD593DA> /System/Library/Frameworks/Carbon.framework/Versions/A/Frameworks/Print.framework/Versions/A/Print
0x7fff8a49b000 -     0x7fff8a4c0ff7  libc++abi.dylib (26) <D86169F3-9F31-377A-9AF3-DB17142052E4> /usr/lib/libc++abi.dylib
0x7fff8a4d9000 -     0x7fff8a504fff  libxslt.1.dylib (11.3) <441776B8-9130-3893-956F-39C85FFA644F> /usr/lib/libxslt.1.dylib
0x7fff8a516000 -     0x7fff8a52afff  com.apple.speech.synthesis.framework (4.1.12 - 4.1.12) <94EDF2AB-809C-3D15-BED5-7AD45B2A7C16> /System/Library/Frameworks/ApplicationServices.framework/Versions/A/Frameworks/SpeechSynthesis.framework/Versions/A/SpeechSynthesis
0x7fff8a573000 -     0x7fff8a576fff  libRadiance.dylib (854) <FE3F00E5-3A3A-3172-B6C7-0EAA80A040D9> /System/Library/Frameworks/ImageIO.framework/Versions/A/Resources/libRadiance.dylib
0x7fff8a904000 -     0x7fff8a906fff  com.apple.TrustEvaluationAgent (2.0 - 23) <A97D348B-32BF-3E52-8DF2-59BFAD21E1A3> /System/Library/PrivateFrameworks/TrustEvaluationAgent.framework/Versions/A/TrustEvaluationAgent
0x7fff8a908000 -     0x7fff8a909ff7  libremovefile.dylib (23.2) <6763BC8E-18B8-3AD9-8FFA-B43713A7264F> /usr/lib/system/libremovefile.dylib
0x7fff8a90a000 -     0x7fff8a944ff7  com.apple.GSS (3.0 - 2.0) <A358661E-DEE1-3FFA-B6A0-D34F7781BCF6> /System/Library/Frameworks/GSS.framework/Versions/A/GSS
0x7fff8a984000 -     0x7fff8a990fff  com.apple.CoreBluetooth (100.9 - 1) <94C4EAB8-20E6-3892-BD9E-27952318CF32> /System/Library/Frameworks/IOBluetooth.framework/Versions/A/Frameworks/CoreBluetooth.framework/Versions/A/CoreBluetooth
0x7fff8aa44000 -     0x7fff8aa53fff  com.apple.opengl (1.8.10 - 1.8.10) <AD49CF56-B7C1-3598-8610-58532FC41345> /System/Library/Frameworks/OpenGL.framework/Versions/A/OpenGL
0x7fff8aa54000 -     0x7fff8aa6bfff  com.apple.CFOpenDirectory (10.8 - 151.10) <FFBBA538-00B5-334E-BA5B-C8AD6CDCDA14> /System/Library/Frameworks/OpenDirectory.framework/Versions/A/Frameworks/CFOpenDirectory.framework/Versions/A/CFOpenDirectory
0x7fff8aa6c000 -     0x7fff8aa7bff7  libxar.1.dylib (105) <370ED355-E516-311E-BAFD-D80633A84BE1> /usr/lib/libxar.1.dylib
0x7fff8aa7c000 -     0x7fff8ad59fff  com.apple.security (7.0 - 55719.16.12) <C66C10FF-3ED8-3195-82D0-D5B2FB81E831> /System/Library/Frameworks/Security.framework/Versions/A/Security
0x7fff8b72e000 -     0x7fff8b72fff7  libdnsinfo.dylib (453.19) <14202FFB-C3CA-3FCC-94B0-14611BF8692D> /usr/lib/system/libdnsinfo.dylib
0x7fff8b809000 -     0x7fff8b8c6ff7  com.apple.ColorSync (4.8.0 - 4.8.0) <6CE333AE-EDDB-3768-9598-9DB38041DC55> /System/Library/Frameworks/ApplicationServices.framework/Versions/A/Frameworks/ColorSync.framework/Versions/A/ColorSync
0x7fff8b8c7000 -     0x7fff8b8eeff7  com.apple.PerformanceAnalysis (1.16 - 16) <E4888388-F41B-313E-9CBB-5807D077BDA9> /System/Library/PrivateFrameworks/PerformanceAnalysis.framework/Versions/A/PerformanceAnalysis
0x7fff8b8ef000 -     0x7fff8b949ff7  com.apple.opencl (2.2.19 - 2.2.19) <3C7DFB2C-B3F9-3447-A1FC-EAAA42181A6E> /System/Library/Frameworks/OpenCL.framework/Versions/A/OpenCL
0x7fff8b94a000 -     0x7fff8b995fff  com.apple.CoreMedia (1.0 - 926.107) <405690E6-D857-3136-AC3A-5EDC6C3ABF60> /System/Library/Frameworks/CoreMedia.framework/Versions/A/CoreMedia
0x7fff8b996000 -     0x7fff8bd8dfff  libLAPACK.dylib (1073.4) <D632EC8B-2BA0-3853-800A-20DA00A1091C> /System/Library/Frameworks/Accelerate.framework/Versions/A/Frameworks/vecLib.framework/Versions/A/libLAPACK.dylib
0x7fff8be2e000 -     0x7fff8bfb4fff  libBLAS.dylib (1073.4) <C102C0F6-8CB6-3B49-BA6B-2EB61F0B2784> /System/Library/Frameworks/Accelerate.framework/Versions/A/Frameworks/vecLib.framework/Versions/A/libBLAS.dylib
0x7fff8bfb5000 -     0x7fff8c1b5fff  libicucore.A.dylib (491.11.3) <5783D305-04E8-3D17-94F7-1CEAFA975240> /usr/lib/libicucore.A.dylib
0x7fff8c1b6000 -     0x7fff8c21ffff  libstdc++.6.dylib (56) <EAA2B53E-EADE-39CF-A0EF-FB9D4940672A> /usr/lib/libstdc++.6.dylib
0x7fff8c220000 -     0x7fff8c221fff  libDiagnosticMessagesClient.dylib (8) <8548E0DC-0D2F-30B6-B045-FE8A038E76D8> /usr/lib/libDiagnosticMessagesClient.dylib
0x7fff8c222000 -     0x7fff8c28fff7  com.apple.datadetectorscore (4.1 - 269.3) <5775F0DB-87D6-310D-8B03-E2AD729EFB28> /System/Library/PrivateFrameworks/DataDetectorsCore.framework/Versions/A/DataDetectorsCore
0x7fff8c290000 -     0x7fff8c297ff7  libcopyfile.dylib (89.0.70) <30824A67-6743-3D99-8DC3-92578FA9D7CB> /usr/lib/system/libcopyfile.dylib
0x7fff8c298000 -     0x7fff8c2b3ff7  libexpat.1.dylib (12) <95D59F1F-0A5C-3F33-BA97-26F7D796CE7A> /usr/lib/libexpat.1.dylib
0x7fff8c2b4000 -     0x7fff8c300fff  com.apple.framework.CoreWLAN (3.4 - 340.18) <BCFA14A9-728C-371A-936E-2EDF2EC2F40F> /System/Library/Frameworks/CoreWLAN.framework/Versions/A/CoreWLAN
0x7fff8c32d000 -     0x7fff8c32dfff  libkeymgr.dylib (25) <CC9E3394-BE16-397F-926B-E579B60EE429> /usr/lib/system/libkeymgr.dylib
0x7fff8c32e000 -     0x7fff8c336ff7  libsystem_dnssd.dylib (379.38.1) <BDCB8566-0189-34C0-9634-35ABD3EFE25B> /usr/lib/system/libsystem_dnssd.dylib
0x7fff8c337000 -     0x7fff8c33aff7  libdyld.dylib (210.2.3) <F59367C9-C110-382B-A695-9035A6DD387E> /usr/lib/system/libdyld.dylib
0x7fff8c4c7000 -     0x7fff8c4daff7  libbsm.0.dylib (32) <F497D3CE-40D9-3551-84B4-3D5E39600737> /usr/lib/libbsm.0.dylib
0x7fff8c4e0000 -     0x7fff8c5ddff7  libxml2.2.dylib (22.3) <47B09CB2-C636-3024-8B55-6040F7829B4C> /usr/lib/libxml2.2.dylib
0x7fff8c5de000 -     0x7fff8c5defff  com.apple.CoreServices (57 - 57) <9DD44CB0-C644-35C3-8F57-0B41B3EC147D> /System/Library/Frameworks/CoreServices.framework/Versions/A/CoreServices
0x7fff8c5df000 -     0x7fff8c647ff7  libc++.1.dylib (65.1) <20E31B90-19B9-3C2A-A9EB-474E08F9FE05> /usr/lib/libc++.1.dylib
0x7fff8c648000 -     0x7fff8c6a7fff  libTIFF.dylib (854) <29014639-6085-3F19-AE47-1026F70A3D0D> /System/Library/Frameworks/ImageIO.framework/Versions/A/Resources/libTIFF.dylib
0x7fff8c6a8000 -     0x7fff8c6cffff  com.apple.framework.familycontrols (4.1 - 410) <50F5A52C-8FB6-300A-977D-5CFDE4D5796B> /System/Library/PrivateFrameworks/FamilyControls.framework/Versions/A/FamilyControls
0x7fff8c6d0000 -     0x7fff8c6d6fff  libmacho.dylib (829) <BF332AD9-E89F-387E-92A4-6E1AB74BD4D9> /usr/lib/system/libmacho.dylib
0x7fff8c6d7000 -     0x7fff8c6e5fff  libcommonCrypto.dylib (60027) <BAAFE0C9-BB86-3CA7-88C0-E3CBA98DA06F> /usr/lib/system/libcommonCrypto.dylib
0x7fff8c721000 -     0x7fff8c727ff7  libunwind.dylib (35.1) <21703D36-2DAB-3D8B-8442-EAAB23C060D3> /usr/lib/system/libunwind.dylib
0x7fff8c728000 -     0x7fff8c756ff7  libsystem_m.dylib (3022.6) <B434BE5C-25AB-3EBD-BAA7-5304B34E3441> /usr/lib/system/libsystem_m.dylib
0x7fff8c757000 -     0x7fff8c905fff  com.apple.QuartzCore (1.8 - 304.5) <5674D50C-D96C-3A2D-95C5-C93311C7FB56> /System/Library/Frameworks/QuartzCore.framework/Versions/A/QuartzCore
0x7fff8c906000 -     0x7fff8c910fff  com.apple.speech.recognition.framework (4.1.5 - 4.1.5) <D803919C-3102-3515-A178-61E9C86C46A1> /System/Library/Frameworks/Carbon.framework/Versions/A/Frameworks/SpeechRecognition.framework/Versions/A/SpeechRecognition
0x7fff8c915000 -     0x7fff8c92ffff  com.apple.CoreMediaAuthoring (2.1 - 914) <CFA664F9-D5A7-3281-A12F-3ED8A98FD8C1> /System/Library/PrivateFrameworks/CoreMediaAuthoring.framework/Versions/A/CoreMediaAuthoring
0x7fff8c930000 -     0x7fff8c94fff7  libresolv.9.dylib (51) <0882DC2D-A892-31FF-AD8C-0BB518C48B23> /usr/lib/libresolv.9.dylib
0x7fff8c950000 -     0x7fff8c950ffd  com.apple.audio.units.AudioUnit (1.9.2 - 1.9.2) <6D314680-7409-3BC7-A807-36341411AF9A> /System/Library/Frameworks/AudioUnit.framework/Versions/A/AudioUnit
0x7fff8ca0a000 -     0x7fff8ca0afff  com.apple.Accelerate (1.8 - Accelerate 1.8) <878A6E7E-CB34-380F-8212-47FBF12C7C96> /System/Library/Frameworks/Accelerate.framework/Versions/A/Accelerate
0x7fff8cc87000 -     0x7fff8cc99ff7  libz.1.dylib (43) <2A1551E8-A272-3DE5-B692-955974FE1416> /usr/lib/libz.1.dylib
0x7fff8cc9a000 -     0x7fff8cca0fff  com.apple.DiskArbitration (2.5.2 - 2.5.2) <C713A35A-360E-36CE-AC0A-25C86A3F50CA> /System/Library/Frameworks/DiskArbitration.framework/Versions/A/DiskArbitration
0x7fff8cd51000 -     0x7fff8cd70ff7  com.apple.ChunkingLibrary (2.0 - 133.3) <8BEC9AFB-DCAA-37E8-A5AB-24422B234ECF> /System/Library/PrivateFrameworks/ChunkingLibrary.framework/Versions/A/ChunkingLibrary
0x7fff8ce9f000 -     0x7fff8cefefff  com.apple.AE (645.6 - 645.7) <2F1E192C-DF34-3903-9F30-27B896699CA4> /System/Library/Frameworks/CoreServices.framework/Versions/A/Frameworks/AE.framework/Versions/A/AE
0x7fff8ceff000 -     0x7fff8cf16fff  libGL.dylib (8.10.1) <F8BABA3C-7810-3A65-83FC-61945AA50E90> /System/Library/Frameworks/OpenGL.framework/Versions/A/Libraries/libGL.dylib
0x7fff8cf17000 -     0x7fff8cf37fff  libPng.dylib (854) <B45259B6-6489-38D4-BC5C-E0E2B2D2674C> /System/Library/Frameworks/ImageIO.framework/Versions/A/Resources/libPng.dylib
0x7fff8cf38000 -     0x7fff8d044ff7  libFontParser.dylib (84.11) <AA35FD57-6410-3C34-86D3-735469AE8855> /System/Library/Frameworks/ApplicationServices.framework/Versions/A/Frameworks/ATS.framework/Versions/A/Resources/libFontParser.dylib
0x7fff8d397000 -     0x7fff8d3e6fff  com.apple.framework.CoreWiFi (1.3 - 130.13) <CCF3D8E3-CD1C-36CD-929A-C9972F833F24> /System/Library/Frameworks/CoreWiFi.framework/Versions/A/CoreWiFi
0x7fff8d3e7000 -     0x7fff8d3e8fff  liblangid.dylib (116) <864C409D-D56B-383E-9B44-A435A47F2346> /usr/lib/liblangid.dylib
0x7fff8d3e9000 -     0x7fff8d3e9fff  com.apple.Cocoa (6.7 - 19) <1F77945C-F37A-3171-B22E-F7AB0FCBB4D4> /System/Library/Frameworks/Cocoa.framework/Versions/A/Cocoa
0x7fff8d406000 -     0x7fff8d445ff7  com.apple.QD (3.42.1 - 285.1) <77A20C25-EBB5-341C-A05C-5D458B97AD5C> /System/Library/Frameworks/ApplicationServices.framework/Versions/A/Frameworks/QD.framework/Versions/A/QD
0x7fff8d446000 -     0x7fff8d468ff7  com.apple.Kerberos (2.0 - 1) <C49B8820-34ED-39D7-A407-A3E854153556> /System/Library/Frameworks/Kerberos.framework/Versions/A/Kerberos
0x7fff8d469000 -     0x7fff8d4baff7  com.apple.SystemConfiguration (1.12.2 - 1.12.2) <A4341BBD-A330-3A57-8891-E9C1A286A72D> /System/Library/Frameworks/SystemConfiguration.framework/Versions/A/SystemConfiguration
0x7fff8d4c6000 -     0x7fff8d4f2fff  com.apple.framework.Apple80211 (8.5 - 850.252) <73506CA1-CF76-3A98-A6F2-3DDAC10CB67A> /System/Library/PrivateFrameworks/Apple80211.framework/Versions/A/Apple80211
0x7fff8d4ff000 -     0x7fff8d559fff  com.apple.print.framework.PrintCore (8.3 - 387.2) <5BA0CBED-4D80-386A-9646-F835C9805B71> /System/Library/Frameworks/ApplicationServices.framework/Versions/A/Frameworks/PrintCore.framework/Versions/A/PrintCore
0x7fff8d55a000 -     0x7fff8d657fff  libsqlite3.dylib (138.1) <ADE9CB98-D77D-300C-A32A-556B7440769F> /usr/lib/libsqlite3.dylib
0x7fff8d658000 -     0x7fff8d6dafff  com.apple.Heimdal (3.0 - 2.0) <716C152F-D299-3ACB-BCB0-E51F2D604BD1> /System/Library/PrivateFrameworks/Heimdal.framework/Versions/A/Heimdal
0x7fff8d6db000 -     0x7fff8e308fff  com.apple.AppKit (6.8 - 1187.40) <F12CF463-6F88-32ED-9EBA-0FA2AD3CF576> /System/Library/Frameworks/AppKit.framework/Versions/C/AppKit
0x7fff8e31a000 -     0x7fff8e32fff7  libdispatch.dylib (228.23) <D26996BF-FC57-39EB-8829-F63585561E09> /usr/lib/system/libdispatch.dylib
0x7fff8ed7d000 -     0x7fff8ed9fff7  libxpc.dylib (140.43) <70BC645B-6952-3264-930C-C835010CCEF9> /usr/lib/system/libxpc.dylib
0x7fff8eea3000 -     0x7fff8f147ff7  com.apple.CoreImage (8.4.0 - 1.0.1) <CC6DD22B-FFC6-310B-BE13-2397A02C79EF> /System/Library/Frameworks/QuartzCore.framework/Versions/A/Frameworks/CoreImage.framework/Versions/A/CoreImage
0x7fff8f148000 -     0x7fff8f155ff7  com.apple.NetAuth (4.0 - 4.0) <F5BC7D7D-AF28-3C83-A674-DADA48FF7810> /System/Library/PrivateFrameworks/NetAuth.framework/Versions/A/NetAuth
0x7fff8f156000 -     0x7fff8f16dfff  com.apple.GenerationalStorage (1.1 - 132.3) <FD4A84B3-13A8-3C60-A59E-25A361447A17> /System/Library/PrivateFrameworks/GenerationalStorage.framework/Versions/A/GenerationalStorage
0x7fff8f172000 -     0x7fff8f173ff7  libSystem.B.dylib (169.3) <365477AB-D641-389D-B8F4-A1FAE9657EEE> /usr/lib/libSystem.B.dylib
0x7fff8f174000 -     0x7fff8f181fff  com.apple.AppleFSCompression (49 - 1.0) <5508344A-2A7E-3122-9562-6F363910A80E> /System/Library/PrivateFrameworks/AppleFSCompression.framework/Versions/A/AppleFSCompression
0x7fff8f182000 -     0x7fff8f187fff  libcache.dylib (57) <65187C6E-3FBF-3EB8-A1AA-389445E2984D> /usr/lib/system/libcache.dylib
0x7fff8f188000 -     0x7fff8f19bff7  com.apple.LangAnalysis (1.7.0 - 1.7.0) <2F2694E9-A7BC-33C7-B4CF-8EC907DF0FEB> /System/Library/Frameworks/ApplicationServices.framework/Versions/A/Frameworks/LangAnalysis.framework/Versions/A/LangAnalysis
0x7fff8f19c000 -     0x7fff8f1f2fff  com.apple.HIServices (1.20 - 417) <839B4EE4-B96F-3371-BE90-3B4EBB86C6EA> /System/Library/Frameworks/ApplicationServices.framework/Versions/A/Frameworks/HIServices.framework/Versions/A/HIServices
0x7fff8f1f3000 -     0x7fff8f1f4fff  libsystem_blocks.dylib (59) <D92DCBC3-541C-37BD-AADE-ACC75A0C59C8> /usr/lib/system/libsystem_blocks.dylib
0x7fff8f491000 -     0x7fff8f6c6ff7  com.apple.CoreData (106.1 - 407.7) <A676E1A4-2144-376B-92B8-B450DD1D78E5> /System/Library/Frameworks/CoreData.framework/Versions/A/CoreData
0x7fff8f6c7000 -     0x7fff8f862fef  com.apple.vImage (6.0 - 6.0) <FAE13169-295A-33A5-8E6B-7C2CC1407FA7> /System/Library/Frameworks/Accelerate.framework/Versions/A/Frameworks/vImage.framework/Versions/A/vImage
0x7fff8f863000 -     0x7fff8f863fff  com.apple.vecLib (3.8 - vecLib 3.8) <6CBBFDC4-415C-3910-9558-B67176447789> /System/Library/Frameworks/vecLib.framework/Versions/A/vecLib
0x7fff8f871000 -     0x7fff8f87fff7  libsystem_network.dylib (77.10) <0D99F24E-56FE-380F-B81B-4A4C630EE587> /usr/lib/system/libsystem_network.dylib
0x7fff8f880000 -     0x7fff8f884fff  libpam.2.dylib (20) <C8F45864-5B58-3237-87E1-2C258A1D73B8> /usr/lib/libpam.2.dylib
0x7fff8fdcb000 -     0x7fff8fdfcff7  com.apple.DictionaryServices (1.2 - 184.4) <FB0540FF-5034-3591-A28D-6887FBC220F7> /System/Library/Frameworks/CoreServices.framework/Versions/A/Frameworks/DictionaryServices.framework/Versions/A/DictionaryServices
0x7fff8fdfd000 -     0x7fff90239fff  com.apple.VideoToolbox (1.0 - 926.107) <6C851058-5598-3207-87E2-577135587425> /System/Library/Frameworks/VideoToolbox.framework/Versions/A/VideoToolbox
0x7fff902ab000 -     0x7fff90338ff7  com.apple.SearchKit (1.4.0 - 1.4.0) <C7F43889-F8BF-3CB9-AD66-11AEFCBCEDE7> /System/Library/Frameworks/CoreServices.framework/Versions/A/Frameworks/SearchKit.framework/Versions/A/SearchKit
0x7fff905ce000 -     0x7fff90604fff  libsystem_info.dylib (406.18) <32D9AC7E-3906-3EA7-9FEB-4BD333F14A01> /usr/lib/system/libsystem_info.dylib
0x7fff90695000 -     0x7fff906a2fff  libbz2.1.0.dylib (29) <CE9785E8-B535-3504-B392-82F0064D9AF2> /usr/lib/libbz2.1.0.dylib
0x7fff9070d000 -     0x7fff90715fff  liblaunch.dylib (442.26.2) <2F71CAF8-6524-329E-AC56-C506658B4C0C> /usr/lib/system/liblaunch.dylib
0x7fff90716000 -     0x7fff90759ff7  com.apple.bom (12.0 - 192) <0BF1F2D2-3648-36B7-BE4B-551A0173209B> /System/Library/PrivateFrameworks/Bom.framework/Versions/A/Bom
0x7fff90762000 -     0x7fff90766ff7  com.apple.TCC (1.0 - 1) <F2F3B753-FC73-3543-8BBE-859FDBB4D6A6> /System/Library/PrivateFrameworks/TCC.framework/Versions/A/TCC
0x7fff90767000 -     0x7fff90767fff  com.apple.Carbon (154 - 155) <372716D2-6FA1-3611-8501-3DD1D4A6E8C8> /System/Library/Frameworks/Carbon.framework/Versions/A/Carbon
0x7fff90768000 -     0x7fff90952ff7  com.apple.CoreFoundation (6.8 - 744.19) <0F7403CA-2CB8-3D0A-992B-679701DF27CA> /System/Library/Frameworks/CoreFoundation.framework/Versions/A/CoreFoundation
0x7fff90962000 -     0x7fff909beff7  com.apple.Symbolication (1.3 - 93) <F2C7E0B6-B241-3020-B30A-0636D0FA3378> /System/Library/PrivateFrameworks/Symbolication.framework/Versions/A/Symbolication
0x7fff909bf000 -     0x7fff90a0eff7  libFontRegistry.dylib (100.1) <0537E4AD-6CC5-37D1-9846-4F6C46735387> /System/Library/Frameworks/ApplicationServices.framework/Versions/A/Frameworks/ATS.framework/Versions/A/Resources/libFontRegistry.dylib
0x7fff90a0f000 -     0x7fff90a2aff7  libsystem_kernel.dylib (2050.48.19) <81945B94-D6CB-3B77-9E95-0429540B0DF0> /usr/lib/system/libsystem_kernel.dylib
0x7fff90cb8000 -     0x7fff90cfcfff  libcups.2.dylib (327.9) <B626C104-D505-3E58-9BBB-7A86F4CF87F2> /usr/lib/libcups.2.dylib
0x7fff90cfd000 -     0x7fff90d12fff  com.apple.ImageCapture (8.0 - 8.0) <17A45CE6-7DA3-36A5-B7EF-72BC136981AE> /System/Library/Frameworks/Carbon.framework/Versions/A/Frameworks/ImageCapture.framework/Versions/A/ImageCapture
0x7fff90d13000 -     0x7fff90e71fef  com.apple.MediaControlSender (1.7 - 170.20) <853BE89D-49B0-3922-9ED5-DDBDE9A97356> /System/Library/PrivateFrameworks/MediaControlSender.framework/Versions/A/MediaControlSender
0x7fff90e72000 -     0x7fff90e7dfff  libsystem_notify.dylib (98.6) <1E490CB2-9311-3B36-8372-37D3FB0FD818> /usr/lib/system/libsystem_notify.dylib
0x7fff90ed0000 -     0x7fff90f82ff7  com.apple.LaunchServices (539.14 - 539.14) <C85BBC8B-9227-3E81-9D0B-67AB4F8C7CE3> /System/Library/Frameworks/CoreServices.framework/Versions/A/Frameworks/LaunchServices.framework/Versions/A/LaunchServices
0x7fff90fb6000 -     0x7fff912cdff7  com.apple.CoreServices.CarbonCore (1037.6 - 1037.6) <1E567A52-677F-3168-979F-5FBB0818D52B> /System/Library/Frameworks/CoreServices.framework/Versions/A/Frameworks/CarbonCore.framework/Versions/A/CarbonCore
0x7fff912ce000 -     0x7fff912d2fff  libGIF.dylib (854) <21F4F4A3-6F84-3BC3-A736-AB990CE4AD3C> /System/Library/Frameworks/ImageIO.framework/Versions/A/Resources/libGIF.dylib
0x7fff913ab000 -     0x7fff91402ff7  com.apple.ScalableUserInterface (1.0 - 1) <F1D43DFB-1796-361B-AD4B-39F1EED3BE19> /System/Library/Frameworks/QuartzCore.framework/Versions/A/Frameworks/ScalableUserInterface.framework/Versions/A/ScalableUserInterface
0x7fff91409000 -     0x7fff9140aff7  libsystem_sandbox.dylib (220.4) <E2A3D8A9-80A3-3666-8D8B-D22829C2B0EC> /usr/lib/system/libsystem_sandbox.dylib
0x7fff9140b000 -     0x7fff91410fff  com.apple.OpenDirectory (10.8 - 151.10) <CF44120B-9B01-32DD-852E-C9C0E1243FC0> /System/Library/Frameworks/OpenDirectory.framework/Versions/A/OpenDirectory
0x7fff916fb000 -     0x7fff9177cfff  com.apple.Metadata (10.7.0 - 707.13) <4F3EAB8E-CF5E-320E-A452-6CAFB96CF590> /System/Library/Frameworks/CoreServices.framework/Versions/A/Frameworks/Metadata.framework/Versions/A/Metadata
0x7fff9177d000 -     0x7fff91781fff  libCoreVMClient.dylib (32.5) <DB009CD4-BB0E-3331-BBB4-A118781D193F> /System/Library/Frameworks/OpenGL.framework/Versions/A/Libraries/libCoreVMClient.dylib
0x7fff91782000 -     0x7fff91a39fff  com.apple.MediaToolbox (1.0 - 926.107) <C8D74764-AD2C-3B8D-9AED-75E1A0176EFD> /System/Library/Frameworks/MediaToolbox.framework/Versions/A/MediaToolbox
0x7fff91a95000 -     0x7fff91c0afff  com.apple.CFNetwork (596.6.4 - 596.6.4) <23B87D38-D2C1-38FE-8407-471F0CEB2748> /System/Library/Frameworks/CFNetwork.framework/Versions/A/CFNetwork
0x7fff91c66000 -     0x7fff91d38ff7  com.apple.CoreText (275.18 - 275.18) <1574E725-4AED-3439-B6AA-E30F6BD7A9ED> /System/Library/Frameworks/CoreText.framework/Versions/A/CoreText
0x7fff91d48000 -     0x7fff91d48fff  com.apple.ApplicationServices (45 - 45) <A3ABF20B-ED3A-32B5-830E-B37831A45A80> /System/Library/Frameworks/ApplicationServices.framework/Versions/A/ApplicationServices
0x7fff91d4c000 -     0x7fff9207cfff  com.apple.HIToolbox (2.0 - 626.1) <656D08C2-9068-3532-ABDD-32EC5057CCB2> /System/Library/Frameworks/Carbon.framework/Versions/A/Frameworks/HIToolbox.framework/Versions/A/HIToolbox
0x7fff9207d000 -     0x7fff920c0ff7  com.apple.RemoteViewServices (2.0 - 80.6) <5CFA361D-4853-3ACC-9EFC-A2AC1F43BA4B> /System/Library/PrivateFrameworks/RemoteViewServices.framework/Versions/A/RemoteViewServices
0x7fff920c1000 -     0x7fff920d7fff  com.apple.MultitouchSupport.framework (237.4 - 237.4) <0F7FEE29-161B-3D8E-BE91-308CBD354461> /System/Library/PrivateFrameworks/MultitouchSupport.framework/Versions/A/MultitouchSupport
0x7fff9298e000 -     0x7fff92aa8fff  com.apple.coreavchd (5.6.0 - 5600.4.16) <0CF2ABE5-B088-3B5D-9C04-47AE708ADAE3> /System/Library/PrivateFrameworks/CoreAVCHD.framework/Versions/A/CoreAVCHD
0x7fff92aa9000 -     0x7fff92ab7ff7  libkxld.dylib (2050.48.19) <C2A24ADB-71E6-37F8-906C-078D9E4A88F1> /usr/lib/system/libkxld.dylib
0x7fff92ab8000 -     0x7fff92b52fff  libvMisc.dylib (380.10) <A7F12764-A94C-36EB-88E0-F826F5AF55B4> /System/Library/Frameworks/Accelerate.framework/Versions/A/Frameworks/vecLib.framework/Versions/A/libvMisc.dylib
0x7fff92b53000 -     0x7fff92b55fff  com.apple.securityhi (4.0 - 55002) <34E45C60-DC7E-3FCC-A1ED-EBF48B77C559> /System/Library/Frameworks/Carbon.framework/Versions/A/Frameworks/SecurityHI.framework/Versions/A/SecurityHI
0x7fff92b56000 -     0x7fff92b61ff7  com.apple.bsd.ServiceManagement (2.0 - 2.0) <C12962D5-85FB-349E-AA56-64F4F487F219> /System/Library/Frameworks/ServiceManagement.framework/Versions/A/ServiceManagement
0x7fff92b62000 -     0x7fff930d2ff7  com.apple.CoreAUC (6.22.03 - 6.22.03) <A77BC97A-B695-3F7E-8696-5B2357C2726B> /System/Library/PrivateFrameworks/CoreAUC.framework/Versions/A/CoreAUC
0x7fff930d3000 -     0x7fff93185fff  com.apple.Bluetooth (4.1.7 - 4.1.7f6) <2D72C6B0-5317-3004-83A7-F9975E637013> /System/Library/Frameworks/IOBluetooth.framework/Versions/A/IOBluetooth
0x7fff935ec000 -     0x7fff9363bff7  libcorecrypto.dylib (106.2) <CE0C29A3-C420-339B-ADAA-52F4683233CC> /usr/lib/system/libcorecrypto.dylib
0x7fff9363c000 -     0x7fff9375cfff  com.apple.desktopservices (1.7.4 - 1.7.4) <ED3DA8C0-160F-3CDC-B537-BF2E766AB7C1> /System/Library/PrivateFrameworks/DesktopServicesPriv.framework/Versions/A/DesktopServicesPriv
0x7fff9375d000 -     0x7fff9385ffff  libJP2.dylib (854) <D94809A5-6212-35DA-A345-E5F57FF1A069> /System/Library/Frameworks/ImageIO.framework/Versions/A/Resources/libJP2.dylib
0x7fff93860000 -     0x7fff9388aff7  com.apple.CoreVideo (1.8 - 99.4) <E5082966-6D81-3973-A05A-38AA5B85F886> /System/Library/Frameworks/CoreVideo.framework/Versions/A/CoreVideo
0x7fff938e8000 -     0x7fff938edfff  libcompiler_rt.dylib (30) <08F8731D-5961-39F1-AD00-4590321D24A9> /usr/lib/system/libcompiler_rt.dylib
0x7fff939c0000 -     0x7fff939ddff7  com.apple.openscripting (1.3.6 - 148.3) <C008F56A-1E01-3D4C-A9AF-97799D0FAE69> /System/Library/Frameworks/Carbon.framework/Versions/A/Frameworks/OpenScripting.framework/Versions/A/OpenScripting
0x7fff939de000 -     0x7fff93a41fff  com.apple.audio.CoreAudio (4.1.2 - 4.1.2) <FEAB83AB-1DE5-3813-BA48-7A7F2374CCF0> /System/Library/Frameworks/CoreAudio.framework/Versions/A/CoreAudio
0x7fff93aa2000 -     0x7fff93aabfff  com.apple.CommerceCore (1.0 - 26.3) <870C7810-0D27-3AC5-95A0-3224BB4890C0> /System/Library/PrivateFrameworks/CommerceKit.framework/Versions/A/Frameworks/CommerceCore.framework/Versions/A/CommerceCore
0x7fff93aac000 -     0x7fff93aaeff7  libunc.dylib (25) <92805328-CD36-34FF-9436-571AB0485072> /usr/lib/system/libunc.dylib
0x7fff93aaf000 -     0x7fff93e0efff  com.apple.Foundation (6.8 - 945.19) <C98E55BA-553B-314B-B056-849FFB20C220> /System/Library/Frameworks/Foundation.framework/Versions/C/Foundation
0x7fff93f49000 -     0x7fff93f4dff7  com.apple.CommonPanels (1.2.5 - 94) <AAC003DE-2D6E-38B7-B66B-1F3DA91E7245> /System/Library/Frameworks/Carbon.framework/Versions/A/Frameworks/CommonPanels.framework/Versions/A/CommonPanels
0x7fff93f4e000 -     0x7fff93f51fff  com.apple.help (1.3.2 - 42) <343904FE-3022-3573-97D6-5FE17F8643BA> /System/Library/Frameworks/Carbon.framework/Versions/A/Frameworks/Help.framework/Versions/A/Help
0x7fff93f8f000 -     0x7fff93fccfef  libGLImage.dylib (8.10.1) <91E31B9B-4141-36D5-ABDC-20F1D6D1D0CF> /System/Library/Frameworks/OpenGL.framework/Versions/A/Libraries/libGLImage.dylib
0x7fff93fcd000 -     0x7fff93feeff7  libCRFSuite.dylib (33) <736ABE58-8DED-3289-A042-C25AF7AE5B23> /usr/lib/libCRFSuite.dylib
0x7fff93fef000 -     0x7fff9408aff7  com.apple.CoreSymbolication (3.0 - 117.3) <7722470A-2BA5-3526-9D3B-D3B9E5B517A7> /System/Library/PrivateFrameworks/CoreSymbolication.framework/Versions/A/CoreSymbolication
0x7fff9408b000 -     0x7fff94165fff  com.apple.backup.framework (1.4.3 - 1.4.3) <6B65C44C-7777-3331-AD9D-438D10AAC777> /System/Library/PrivateFrameworks/Backup.framework/Versions/A/Backup
0x7fff94166000 -     0x7fff9422bff7  com.apple.coreui (2.0 - 181.1) <83D2C92D-6842-3C9D-9289-39D5B4554C3A> /System/Library/PrivateFrameworks/CoreUI.framework/Versions/A/CoreUI
0x7fff9422c000 -     0x7fff94262fff  com.apple.DebugSymbols (98 - 98) <14E788B1-4EB2-3FD7-934B-849534DFC198> /System/Library/PrivateFrameworks/DebugSymbols.framework/Versions/A/DebugSymbols
0x7fff9437f000 -     0x7fff94386fff  libGFXShared.dylib (8.10.1) <B4AB9480-2CDB-34F8-8D6F-F5A2CFC221B0> /System/Library/Frameworks/OpenGL.framework/Versions/A/Libraries/libGFXShared.dylib
0x7fff9458c000 -     0x7fff945d8ff7  libauto.dylib (185.4) <AD5A4CE7-CB53-313C-9FAE-673303CC2D35> /usr/lib/libauto.dylib
0x7fff9460b000 -     0x7fff94617fff  com.apple.CrashReporterSupport (10.8.3 - 418) <DE6AFE16-D97E-399D-82ED-3522C773C36E> /System/Library/PrivateFrameworks/CrashReporterSupport.framework/Versions/A/CrashReporterSupport
0x7fff94618000 -     0x7fff9461afff  libquarantine.dylib (52.1) <143B726E-DF47-37A8-90AA-F059CFD1A2E4> /usr/lib/system/libquarantine.dylib
0x7fff94622000 -     0x7fff9468afff  libvDSP.dylib (380.10) <3CA154A3-1BE5-3CF4-BE48-F0A719A963BB> /System/Library/Frameworks/Accelerate.framework/Versions/A/Frameworks/vecLib.framework/Versions/A/libvDSP.dylib
0x7fff9468c000 -     0x7fff947defff  com.apple.audio.toolbox.AudioToolbox (1.9.2 - 1.9.2) <DC5F3D1B-036A-37DE-BC24-7636DC95EA1C> /System/Library/Frameworks/AudioToolbox.framework/Versions/A/AudioToolbox
0x7fff94b35000 -     0x7fff94b56fff  com.apple.Ubiquity (1.2 - 243.15) <C9A7EE77-B637-3676-B667-C0843BBB0409> /System/Library/PrivateFrameworks/Ubiquity.framework/Versions/A/Ubiquity
0x7fff94b57000 -     0x7fff94b62fff  com.apple.CommonAuth (3.0 - 2.0) <E5F401E5-3AEA-33DF-AC70-3C96B52CC754> /System/Library/PrivateFrameworks/CommonAuth.framework/Versions/A/CommonAuth
0x7fff94ba5000 -     0x7fff94bfcff7  com.apple.AppleVAFramework (5.0.19 - 5.0.19) <541A7DBE-F8E4-3023-A3C0-8D5A2A550CFB> /System/Library/PrivateFrameworks/AppleVA.framework/Versions/A/AppleVA
0x7fff94c88000 -     0x7fff94cf6fff  com.apple.framework.IOKit (2.0.1 - 755.42.2) <18E64CC5-2671-3C47-B2C6-0EEEDF899461> /System/Library/Frameworks/IOKit.framework/Versions/A/IOKit
0x7fff94d3c000 -     0x7fff94d89fff  com.apple.CoreMediaIO (309.0 - 4163.1) <8FD1C1A9-25C5-3B9E-A76D-BE813253B358> /System/Library/Frameworks/CoreMediaIO.framework/Versions/A/CoreMediaIO
0x7fff94d98000 -     0x7fff94d98fff  com.apple.Accelerate.vecLib (3.8 - vecLib 3.8) <F565B686-24E2-39F2-ACC3-C5E4084476BE> /System/Library/Frameworks/Accelerate.framework/Versions/A/Frameworks/vecLib.framework/Versions/A/vecLib
0x7fff94d99000 -     0x7fff94dc1fff  libJPEG.dylib (854) <000ADF07-A59C-36F8-9894-CD03F6CFBC1E> /System/Library/Frameworks/ImageIO.framework/Versions/A/Resources/libJPEG.dylib
0x7fff94dc2000 -     0x7fff94dc9fff  com.apple.NetFS (5.0 - 4.0) <82E24B9A-7742-3DA3-9E99-ED267D98C05E> /System/Library/Frameworks/NetFS.framework/Versions/A/NetFS
0x7fff94e36000 -     0x7fff94e38fff  libCVMSPluginSupport.dylib (8.10.1) <F0239392-E0CB-37D7-BFE2-D6F5D42F9196> /System/Library/Frameworks/OpenGL.framework/Versions/A/Libraries/libCVMSPluginSupport.dylib
0x7fff94e39000 -     0x7fff94e3dfff  com.apple.IOSurface (86.0.5 - 86.0.5) <4841B89D-501E-306D-8891-3651AA9326E6> /System/Library/Frameworks/IOSurface.framework/Versions/A/IOSurface
0x7fff94e44000 -     0x7fff94f10ff7  libsystem_c.dylib (825.40.1) <543B05AE-CFA5-3EFE-8E58-77225411BA6B> /usr/lib/system/libsystem_c.dylib
0x7fff94f11000 -     0x7fff94f8fff7  com.apple.securityfoundation (6.0 - 55115.4) <C5461971-E455-31A6-99B8-AF80C4BC26DD> /System/Library/Frameworks/SecurityFoundation.framework/Versions/A/SecurityFoundation
0x7fff95025000 -     0x7fff950c3ff7  com.apple.ink.framework (10.8.2 - 150) <3D8D16A2-7E01-3EA1-B637-83A36D353308> /System/Library/Frameworks/Carbon.framework/Versions/A/Frameworks/Ink.framework/Versions/A/Ink
0x7fff950c4000 -     0x7fff951ddfff  com.apple.ImageIO.framework (3.2.2 - 854) <D1F32C1E-A1C8-364B-A654-412C706B1EB6> /System/Library/Frameworks/ImageIO.framework/Versions/A/ImageIO
0x7fff951de000 -     0x7fff951defff  libOpenScriptingUtil.dylib (148.3) <F8681222-0969-3B10-8BCE-C55A4B9C520C> /usr/lib/libOpenScriptingUtil.dylib
0x7fff951df000 -     0x7fff95285ff7  com.apple.CoreServices.OSServices (557.6 - 557.6) <1BDB5456-0CE9-301C-99C1-8EFD0D2BFCCD> /System/Library/Frameworks/CoreServices.framework/Versions/A/Frameworks/OSServices.framework/Versions/A/OSServices
0x7fff95286000 -     0x7fff9539e92f  libobjc.A.dylib (532.2) <90D31928-F48D-3E37-874F-220A51FD9E37> /usr/lib/libobjc.A.dylib
0x7fff9635f000 -     0x7fff96454fff  libiconv.2.dylib (34) <FEE8B996-EB44-37FA-B96E-D379664DEFE1> /usr/lib/libiconv.2.dylib
0x7fff965b2000 -     0x7fff969cffff  FaceCoreLight (2.4.1) <DDAFFD7A-D312-3407-A010-5AEF3E17831B> /System/Library/PrivateFrameworks/FaceCoreLight.framework/Versions/A/FaceCoreLight
0x7fff969d0000 -     0x7fff96b41ff7  com.apple.QTKit (7.7.1 - 2599.54) <12F9CD59-5BCC-3847-BA6F-2002DC865DFE> /System/Library/Frameworks/QTKit.framework/Versions/A/QTKit
0x7fff96f4c000 -     0x7fff96f96ff7  libGLU.dylib (8.10.1) <6699DEA6-9EEB-3B84-A57F-B25AE44EC584> /System/Library/Frameworks/OpenGL.framework/Versions/A/Libraries/libGLU.dylib
External Modification Summary:
Calls made by other processes targeting this process:
task_for_pid: 2
thread_create: 0
thread_set_state: 0
Calls made by this process:
task_for_pid: 0
thread_create: 0
thread_set_state: 0
Calls made by all processes on this machine:
task_for_pid: 32612
thread_create: 0
thread_set_state: 0
VM Region Summary:
ReadOnly portion of Libraries: Total=237.1M resident=240.4M(101%) swapped_out_or_unallocated=16777216.0T(7421028728832%)
Writable regions: Total=96.5M written=11.6M(12%) resident=11.8M(12%) swapped_out=0K(0%) unallocated=84.7M(88%)
REGION TYPE                      VIRTUAL
CG shared images                     96K
MALLOC                             58.1M
MALLOC guard page                    48K
Memory tag=255                    554.1M
Memory tag=255 (reserved)           256K        reserved VM address space (unallocated)
STACK GUARD                        56.0M
Stack                              25.5M
Stack (reserved)                    520K        reserved VM address space (unallocated)
VM_ALLOCATE                          16K
__DATA                             17.1M
__IMAGE                             528K
__LINKEDIT                         60.9M
__TEXT                            176.2M
__UNICODE                           544K
mapped file                        45.4M
shared memory                       308K
TOTAL                             995.6M
TOTAL, minus reserved VM space    994.8M
Model: MacBookPro10,1, BootROM MBP101.00EE.B09, 4 processors, Intel Core i7, 2.7 GHz, 16 GB, SMC 2.3f36
Graphics: Intel HD Graphics 4000, Intel HD Graphics 4000, Built-In, 512 MB
Graphics: NVIDIA GeForce GT 650M, NVIDIA GeForce GT 650M, PCIe, 1024 MB
Memory Module: BANK 0/DIMM0, 8 GB, DDR3, 1600 MHz, 0x80AD, 0x484D5434314753364D465238432D50422020
Memory Module: BANK 1/DIMM0, 8 GB, DDR3, 1600 MHz, 0x80AD, 0x484D5434314753364D465238432D50422020
AirPort: spairport_wireless_card_type_airport_extreme (0x14E4, 0xEF), Broadcom BCM43xx 1.0 (5.106.98.100.17)
Bluetooth: Version 6.1.7f5 15859, 3 service, 13 devices, 3 incoming serial ports
Network Service: Wi-Fi, AirPort, en0
Serial ATA Device: APPLE SSD SD512E, 500.28 GB
USB Device: hub_device, 0x8087  (Intel Corporation), 0x0024, 0x1a100000 / 2
USB Device: FaceTime HD Camera (Built-in), apple_vendor_id, 0x8510, 0x1a110000 / 3
USB Device: hub_device, 0x8087  (Intel Corporation), 0x0024, 0x1d100000 / 2
USB Device: hub_device, 0x0424  (SMSC), 0x2512, 0x1d180000 / 3
USB Device: Apple Internal Keyboard / Trackpad, apple_vendor_id, 0x0262, 0x1d182000 / 5
USB Device: BRCM20702 Hub, 0x0a5c  (Broadcom Corp.), 0x4500, 0x1d181000 / 4
USB Device: Bluetooth USB Host Controller, apple_vendor_id, 0x8286, 0x1d181300 / 8",question,bug
2026-03-07 05:06:46,"[145, 157, 451, 554, 656, 664, 1026, 1092, 1277, 1500, 1558, 1780, 2043, 2340, 2413, 3103, 3171, 3173, 3198, 3267]",Multiline Copy/Paste on Commented Lines should Comment all of the Pasted Content,"**Issue type**: Feature
**Description**: VS Code should comment the all lines of copy-pasted multiline content if the content is pasted on an already commented line.
Below is a gif from WebStorm 2019.3 (latest build):
![multiline-paste](https://user-images.githubusercontent.com/8932250/71410818-d2de0f80-2657-11ea-8acb-5359b7fda07d.gif)
and this is from VS Code Version: 1.41.0:
![multiline-vscode](https://user-images.githubusercontent.com/8932250/71410984-88a95e00-2658-11ea-93a1-b7728c817e6d.gif)
Are there any ongoing PRs or discussions related to this?",feature,feature
2026-03-07 05:06:47,"[145, 157, 451, 554, 656, 664, 1026, 1092, 1277, 1500, 1558, 1780, 2043, 2340, 2413, 3103, 3171, 3173, 3198, 3267]",Why there's always a `.cargo-ok` in git status(changes)?,"1. `cargo check`
![2020-11-23_19-07](https://user-images.githubusercontent.com/16152305/99955380-3704d880-2dbf-11eb-8137-cba035aa5296.png)",question,bug
2026-03-07 05:06:47,"[145, 157, 451, 554, 656, 664, 1026, 1092, 1277, 1500, 1558, 1780, 2043, 2340, 2413, 3103, 3171, 3173, 3198, 3267]",Get parsed launch.json or parse it in the extension,"- VSCode Version: 1.8.0
- OS Version: Any
In my extension I need to access information from the launch.json file in code. I did not find any related services exposed in typescript definitions.
Is it possible to get parsed launch.json content in the extension code?
If not, it it possible to invoke the built-in VSCode json parser to parse the contents myself?",question,feature
2026-03-07 05:06:48,"[145, 157, 451, 554, 656, 664, 1026, 1092, 1277, 1500, 1558, 1780, 2043, 2340, 2413, 3103, 3171, 3173, 3198, 3267]",Add option to let new windows cascade when set to inherit,"- VSCode Version: 1.9.1
- OS Version: Windows 10
1. Open a new window from an existing window.
This is related to: New windows should get the size of the previous active window #10864. It's great that the new setting (""window.newWindowDimensions"": ""inherit"") was added to preserve the window size.
But, the new window overlaps exactly on the existing window. It might be a little bit confusing. A user may think that the previous window was closed. Or, was replaced by a new one. I think it should follow the behavior of widely used applications such as Windows Explorer or Firefox, both of which cascade the new window a little bit so as to differentiate it with the previous one.
Probably a new configuration setting such as, ""window.newWindowPosition"" with options, ""same"" and ""cascade"" could be added.",feature,feature
2026-03-07 05:06:48,"[145, 157, 451, 554, 656, 664, 1026, 1092, 1277, 1500, 1558, 1780, 2043, 2340, 2413, 3103, 3171, 3173, 3198, 3267]",FormatOnSave.exceptions settings property,"When working with git submodules I would like to have the `formationOnSave` option enabled for certain submodules/folders while having it disabled for other submodules/folders. I can currently achieve this behaviour by creating separate vscode workspaces for each submodule and then open each workspace separately. While doing so I set the `""editor.formatOnSave:""` option in the main `settings.json` to false and I set `""editor.formatOnSave""` in the "".vscode/settings.json"" to true or false. I, however, think to have an `editor.formatOnSave.exceptions` property or a FormatOnSave toggle in the status bar would be a very helpful addition to have when working with submodules. Another way would be to use the `editor.formatOnSave` property of the `~/.vscode/settings.json` file inside a submodule/folder if it is present.",question,feature
2026-03-07 05:06:49,"[145, 157, 451, 554, 656, 664, 1026, 1092, 1277, 1500, 1558, 1780, 2043, 2340, 2413, 3103, 3171, 3173, 3198, 3267]",vsc lost almost all open windows,"- VSCode Version: 1.32.1
- OS Version: macOS 10.12
just recognized that vsc restored only 3 of 10+ previously open windows.
Is there a chance that the saved state for the windows are still around?
Where are the logs to investigate what happened?
I copied the `Code` directory in `Application Support`",question,bug
2026-03-07 05:06:49,"[145, 157, 451, 554, 656, 664, 1026, 1092, 1277, 1500, 1558, 1780, 2043, 2340, 2413, 3103, 3171, 3173, 3198, 3267]",Add option to not include new line in paste,"When triple clicking a line and then copy pasting it, the pasted text includes a line ending, therefore the cursor jumps to a new line after paste. This is the intended behaviour per @alexdima, but I would love a setting to disable it.
It gets quite annoying when copy pasting a lot of stuff around and having to delete the new line all the time
![image](https://user-images.githubusercontent.com/75278/78903022-e1233080-7a7a-11ea-8bb4-afa6cf6999bc.gif)",feature,feature
2026-03-07 05:06:50,"[145, 157, 451, 554, 656, 664, 1026, 1092, 1277, 1500, 1558, 1780, 2043, 2340, 2413, 3103, 3171, 3173, 3198, 3267]",File not found in directory,"A .json file was not found in a directory, but when I opened the same file with a diffrent ide it could read the file
VS Code version: Code 1.41.1 (26076a4de974ead31f97692a0d32f90d735645c0, 2019-12-18T14:58:56.166Z)
OS version: Windows_NT x64 10.0.18363
<details>
<summary>System Info</summary>
|Item|Value|
|CPUs|AMD Ryzen 5 2600X Six-Core Processor            (12 x 3593)|
|GPU Status|2d_canvas: enabled<br>flash_3d: enabled<br>flash_stage3d: enabled<br>flash_stage3d_baseline: enabled<br>gpu_compositing: enabled<br>metal: disabled_off<br>multiple_raster_threads: enabled_on<br>oop_rasterization: disabled_off<br>protected_video_decode: unavailable_off<br>rasterization: enabled<br>skia_renderer: disabled_off<br>surface_control: disabled_off<br>surface_synchronization: enabled_on<br>video_decode: enabled<br>viz_display_compositor: enabled_on<br>viz_hit_test_surface_layer: disabled_off<br>webgl: enabled<br>webgl2: enabled|
|Load (avg)|undefined|
|Memory (System)|15.95GB (8.80GB free)|
|Process Argv||
|Screen Reader|no|
|VM|0%|
</details><details><summary>Extensions (4)</summary>
Extension|Author (truncated)|Version
python|ms-|2020.1.58038
Go|ms-|0.12.0
LiveServer|rit|5.6.1
json|Zai|1.0.4
</details>",question,bug
2026-03-07 05:06:50,"[145, 157, 451, 554, 656, 664, 1026, 1092, 1277, 1500, 1558, 1780, 2043, 2340, 2413, 3103, 3171, 3173, 3198, 3267]",How to Remove Configuration Data of Deleted Plugins in VSCode?,"While checking my VSCode configuration file (settings.json) today, I noticed it still contains configuration data from plugins I’ve already removed. For example, I once used the Codegeex plugin, but after uninstalling it, its configuration details remain in the settings.json file. I’d like to clean up this leftover data, but I’m worried about accidentally deleting essential settings if I do it manually one by one. Is there a way to automatically remove all configuration data tied to deleted plugins in one go?
![Image](https://github.com/user-attachments/assets/ebc84695-fc8e-4d5f-bf51-2bfe50b66c5c)
![Image](https://github.com/user-attachments/assets/a360b305-e1e2-4974-adc0-defeec5bc5bb)",question,bug
2026-03-07 05:06:50,"[145, 157, 451, 554, 656, 664, 1026, 1092, 1277, 1500, 1558, 1780, 2043, 2340, 2413, 3103, 3171, 3173, 3198, 3267]",Are VSCode users affected by this failure of Electron?,"- VSCode Version: 1.19.3 e 1.20.0-insider
- OS Version: Windows 10
-- Sorry for the English, I used Google Translator --
Is the most current version of VSCode and VSCode - Insiders affected by this failure? Especially for Windows users.
https://electronjs.org/blog/protocol-handler-fix
Sorry for the silly question, but I did not find anything like it here, looking for the ""electron-update"" and ""electron"" labels.
Anyway, thanks for the info.
Does this issue occur when all extensions are disabled?: Yes",question,bug
2026-03-07 05:06:51,"[145, 157, 451, 554, 656, 664, 1026, 1092, 1277, 1500, 1558, 1780, 2043, 2340, 2413, 3103, 3171, 3173, 3198, 3267]",VSC triggers a rebuild on angular projects when opening new files,"Nearly every time I open a file in angular project VSC triggers a rebuild somehow with the Angular CLI.
I have disabled all my extensions to see if it was caused by one and the issue repeats itself, but less frequent (every 3-5 files opened vs every single file).
This doesnt prevent me from working, but its increadibly annoying and time consuming to have to walk on eggshells while debugging a feature.
VS Code version: Code 1.53.0 (8490d3dde47c57ba65ec40dd192d014fd2113496, 2021-02-03T20:36:38.611Z)
OS version: Windows_NT x64 10.0.18363
<details>
<summary>System Info</summary>
|Item|Value|
|CPUs|Intel(R) Core(TM) i7-10850H CPU @ 2.70GHz (12 x 2712)|
|GPU Status|2d_canvas: enabled<br>gpu_compositing: enabled<br>multiple_raster_threads: enabled_on<br>oop_rasterization: enabled<br>opengl: enabled_on<br>protected_video_decode: enabled<br>rasterization: enabled<br>skia_renderer: enabled_on<br>video_decode: enabled<br>vulkan: disabled_off<br>webgl: enabled<br>webgl2: enabled|
|Load (avg)|undefined|
|Memory (System)|31.61GB (14.19GB free)|
|Process Argv|--crash-reporter-id 98980995-34b4-4020-bfc4-6617396ed52d|
|Screen Reader|no|
|VM|0%|
</details>Extensions: none<details>
<summary>A/B Experiments</summary>
```
vsliv368cf:30146710
vsreu685:30147344
python383cf:30185419
vspor879:30202332
vspor708:30202333
vspor363:30204092
vswsl492cf:30211402
vstry244cf:30250196
pythonvsdeb440:30248342
pythonvsded773:30248341
pythonvspyt600cf:30251589

```
</details>",question,feature
2026-03-07 05:06:51,"[145, 157, 451, 554, 656, 664, 1026, 1092, 1277, 1500, 1558, 1780, 2043, 2340, 2413, 3103, 3171, 3173, 3198, 3267]",Bind IntelliSense of CSS to PostCSS,"How can I enforce the default IntelliSense of CSS to be firing for *.postcss file extensions?
I could make the syntax highlighting work but it seems that I can't longer use CSS IntelliSense.
Any suggestions?
PS: using [https://github.com/rcsole/postcss-syntax](postcss-syntax) syntax highlighting",question,feature
2026-03-07 05:06:52,"[145, 157, 451, 554, 656, 664, 1026, 1092, 1277, 1500, 1558, 1780, 2043, 2340, 2413, 3103, 3171, 3173, 3198, 3267]",shortcut name: might goToDefinition be better than goToDeclaration?,"Hello,
About the key shortcut
``` son
{ ""key"": ""f12"",                   ""command"": ""editor.action.goToDeclaration"",
                                     ""when"": ""editorTextFocus"" },
```
We know that `definition` and `declaratoin` are different in programming, and the actual action of f12 is going to definition, not declaration.
Maybe this is a subtle issue, but it will be good for a better vs code.",question,feature
2026-03-07 05:06:52,"[145, 157, 451, 554, 656, 664, 1026, 1092, 1277, 1500, 1558, 1780, 2043, 2340, 2413, 3103, 3171, 3173, 3198, 3267]",Bundled themes should style markdown preview,"It would appear that the built-in default themes do not include styles for markdown preview. Here is a screenshot of a dummy project `README.md` created with `npm create-react-app`:
<img width=""1518"" alt=""Screenshot 2023-03-27 at 02 12 45"" src=""https://user-images.githubusercontent.com/7255543/227814083-16465e0d-5d00-4c9f-83c0-d75d1a2688cf.png"">
Inspecting the colours, it seems to me that the preview colours are unrelated to the theme colours.",question,feature
2026-03-07 05:06:53,"[145, 157, 451, 554, 656, 664, 1026, 1092, 1277, 1500, 1558, 1780, 2043, 2340, 2413, 3103, 3171, 3173, 3198, 3267]","Alway warn ""You seem to have git 1.9.4 installed. Code works best with git >=2.0.0.""","- VSCode Version:
![image](https://cloud.githubusercontent.com/assets/19192116/15035812/dc4da9fe-12b0-11e6-85b2-0a5448f4e411.png)
![image](https://cloud.githubusercontent.com/assets/19192116/15035835/3c84b43e-12b1-11e6-9cd8-3dfd8b97bbf5.png)
-Git version:
![image](https://cloud.githubusercontent.com/assets/19192116/15035845/5e4869da-12b1-11e6-80ee-e82fb80162f1.png)
Just open VS Code and it warn!!
![image](https://cloud.githubusercontent.com/assets/19192116/15035847/6f892c66-12b1-11e6-8688-c1d64a8d1cc1.png)",question,bug
2026-03-07 05:06:53,"[145, 157, 451, 554, 656, 664, 1026, 1092, 1277, 1500, 1558, 1780, 2043, 2340, 2413, 3103, 3171, 3173, 3198, 3267]",Restore workspace including unsaved files ?,"There is a workspaceStorage folder inside the /Users folder, inside this folder there are a series of folders inside those folders are three files;
- state.vscdb
- state.vscdb.backup
- workspace.json
I was informed any of these three files can be used to restore a workspace and all files for that workspace, including unsaved files ?",question,bug
2026-03-07 05:06:53,"[145, 157, 451, 554, 656, 664, 1026, 1092, 1277, 1500, 1558, 1780, 2043, 2340, 2413, 3103, 3171, 3173, 3198, 3267]",why there is not a forum for vscode?,"I have two questions:
1. why isn't there a forum for vscode
2. how could I get shutcut with the same functionality like sublime's `ctrl+M`
![image](https://cloud.githubusercontent.com/assets/1060733/23493009/7968b678-ff43-11e6-8c6a-416019809947.png)",question,bug
2026-03-07 05:06:53,"[145, 157, 451, 554, 656, 664, 1026, 1092, 1277, 1500, 1558, 1780, 2043, 2340, 2413, 3103, 3171, 3173, 3198, 3267]",Is there a tutorial or guidance on how to debug xunit tests from within vs code?,I've seen some threads on github but nothing polished or official.,question,feature
2026-03-07 05:06:54,"[145, 157, 451, 554, 656, 664, 1026, 1092, 1277, 1500, 1558, 1780, 2043, 2340, 2413, 3103, 3171, 3173, 3198, 3267]","In the Find/Replace widget, labels for the ""Replace"" and ""Replace All"" buttons don't show keybindings","In the Find widget, the ""Previous match"" and ""Next match"" buttons have labels which include their associated keybindings in parentheses. The ""Replace"" and ""Replace All"" buttons in the Replace Input box don't display keyboard shortcuts.
I looked into this a bit before creating an issue, and the solution isn't the simple ""look up keybinding --> add to label"" approach that I hoped for. It looks like Replace and Replace All don't actually have keybindings defined. Instead, the keys are hardcoded into the `_onReplaceInputKeyDown()` method of [findWidget.ts](https://github.com/Microsoft/vscode/blob/85de39a54d78de5d247b57d1e2c50cc81192212e/src/vs/editor/contrib/find/browser/findWidget.ts#L284-L292).
I would like to see Replace and Replace All get configurable keyboard shortcuts. The defaults would come from the existing hardcoded values, so the core functionality would be unchanged. With configurable keyboard shortcuts it would be easier to display them cleanly on the Replace and Replace All buttons, and we get some flexibility as a free bonus.
I would like to implement this and submit a PR, but wanted to document and perhaps discuss the issue first to make sure that sort of contribution would be OK. Some comments in #406 brushed up against what I'm suggesting here, but I didn't find any other potential duplicate issues.",feature,feature
2026-03-07 05:06:54,"[145, 157, 451, 554, 656, 664, 1026, 1092, 1277, 1500, 1558, 1780, 2043, 2340, 2413, 3103, 3171, 3173, 3198, 3267]",Shortkey Presenter,"Similar to the [Presentation Assistant Plugin](https://plugins.jetbrains.com/plugin/7345-presentation-assistant) from IntelliJ I'd like to show my peers the shortcuts I'm using while working. That plugin shows overlays of the shortcuts you use, when in presentation mode. It differentiates itself from plugins that teach _you_ shortcuts, by showing every shortcut that you did use (e.g. Cmd+Shift+P), in contrast to the ones that you didn't use (e.g. click on debug).
![Example of the shortcut info](https://i.imgur.com/u1xtpfM.png)
I've seen that listening to events was [decided against](https://github.com/microsoft/vscode/issues/78091#issuecomment-518545491). Therefore this can't be added as a plugin. If you register a plugin for all the commands, then you run into endless loops trying to show a message and then invoking the command.
[Therefore I suggest](https://github.com/microsoft/vscode/issues/78091#issuecomment-521640092) an opt-in feature, which displays the command alongside the used shortcut.
Pseud-Code:
```
vscode.commands.listenToCommand('*', command => {
    vscode.overlay.show(command.name + ' was invoked with ' + command.shortcut);
});
```
I am happy to help with this, if it's something you find valuable for the core. I would need some guidance on which files are relevant for this, too.",question,feature
2026-03-07 05:06:55,"[145, 157, 451, 554, 656, 664, 1026, 1092, 1277, 1500, 1558, 1780, 2043, 2340, 2413, 3103, 3171, 3173, 3198, 3267]",Terminal malfunction,"Terminal is not working. It displays a warning 'Extensions have made changes to this terminal's environment'.
This issue is very irritating. I have tried everything, uninstalled and installed vs code, killed and switched terminals but nothing works.
VS Code version: Code 1.64.0 (5554b12acf27056905806867f251c859323ff7e9, 2022-02-03T04:22:20.678Z)
OS version: Windows_NT x64 6.2.9200
Restricted Mode: No
<details>
<summary>System Info</summary>
|Item|Value|
|CPUs|11th Gen Intel(R) Core(TM) i5-1135G7 @ 2.40GHz (8 x 1382)|
|GPU Status|2d_canvas: enabled<br>gpu_compositing: enabled<br>multiple_raster_threads: enabled_on<br>oop_rasterization: enabled<br>opengl: enabled_on<br>rasterization: enabled<br>skia_renderer: enabled_on<br>video_decode: enabled<br>vulkan: disabled_off<br>webgl: enabled<br>webgl2: enabled|
|Load (avg)|undefined|
|Memory (System)|7.73GB (1.64GB free)|
|Process Argv|--crash-reporter-id 6894a386-3d02-40e9-aa32-8e61a3063bc2|
|Screen Reader|no|
|VM|0%|
</details><details><summary>Extensions (14)</summary>
Extension|Author (truncated)|Version
vscode-database|baj|2.2.3
vscode-django|bat|1.8.0
python-environment-manager|don|1.0.3
python-extension-pack|don|1.7.0
vscode-test-explorer|hbe|2.21.1
vsc-python-indent|Kev|1.14.2
python|ms-|2022.0.1786462952
vscode-pylance|ms-|2022.2.0
jupyter|ms-|2022.1.1001775990
jupyter-keymap|ms-|1.0.0
jupyter-renderers|ms-|1.0.6
test-adapter-converter|ms-|0.1.5
dot|Ste|0.0.1
python|tht|0.2.3
</details><details>
<summary>A/B Experiments</summary>
```
vsliv368cf:30146710
vsreu685:30147344
python383:30185418
vspor879:30202332
vspor708:30202333
vspor363:30204092
vswsl492cf:30256860
vstes627:30244334
pythonvspyl392:30425749
pythontb:30283811
pythonvspyt551:30345470
pythonptprofiler:30281270
vsdfh931cf:30280410
vshan820:30294714
vstes263:30335439
pythondataviewer:30285071
vscod805cf:30301675
pythonvspyt200:30340761
binariesv615:30325510
bridge0708:30335490
bridge0723:30353136
vsaa593cf:30376535
vsc1dst:30433059
pythonvs932:30410667
wslgetstartedc:30433508
vscop453:30404998
vsrem710cf:30416617
vscop841cf:30430978

```
</details>
se it was too large to send. Please paste.",question,bug
2026-03-07 05:06:55,"[145, 157, 451, 554, 656, 664, 1026, 1092, 1277, 1500, 1558, 1780, 2043, 2340, 2413, 3103, 3171, 3173, 3198, 3267]",Copying line,"when we by mistakely press Ctrl+C instead Ctrl+V than it copies tht current blank line that does not make any sense. i think it should have to fix.
many of the developers i think find this issue
VS Code version: Code 1.45.1 (5763d909d5f12fe19f215cbfdd29a91c0fa9208a, 2020-05-14T08:27:35.169Z)
OS version: Windows_NT x64 10.0.18362",question,bug
2026-03-07 05:06:55,"[145, 157, 451, 554, 656, 664, 1026, 1092, 1277, 1500, 1558, 1780, 2043, 2340, 2413, 3103, 3171, 3173, 3198, 3267]",[Extension API] vscode.workspace.textDocuments does not return all documents at the beginning,"I am using `vscode.workspace.textDocuments` to detect all opened and visible text documents.
At the beginning, when I start debugging my extension, I have 3 open text documents, lets say `test_1.php`, `test_2.php`, `test_3.php`.
Now when I access `vscode.workspace.textDocuments`, I only get the active one (in that example `test_1.php`).
When I click on another one (`test_2.php`) and access `vscode.workspace.textDocuments` again, I get the new active document and the previous one (`test_1.php` and `test_2.php`).
When I click on the last, remaining one (`test_3.php`) and access `vscode.workspace.textDocuments` again, I get the list of all documents.
But it seems to depend on the situation, which document has been active at the beginning or has been activated after I have clicked on it.
Is this a bug or a feature?
If a feature: Is there another way to access an up-to-date list of all opened documents?",question,bug
2026-03-07 05:06:56,"[145, 157, 451, 554, 656, 664, 1026, 1092, 1277, 1500, 1558, 1780, 2043, 2340, 2413, 3103, 3171, 3173, 3198, 3267]",why is there a `cwd` on both `shellIntegration` and `execution` ?,"Testing #226655
![Image](https://github.com/user-attachments/assets/98eac4db-b43d-4eeb-87f7-1c50c2a099b8)",question,bug
2026-03-07 05:06:56,"[145, 157, 451, 554, 656, 664, 1026, 1092, 1277, 1500, 1558, 1780, 2043, 2340, 2413, 3103, 3171, 3173, 3198, 3267]",Failed to annotate Object type in JavaScript,"It seems that VS Code can't annotate `Object` type for JavaScript files, while other types like `number` and `string` work well.
Does this issue occur when all extensions are disabled?: Yes
- VS Code Version: 1.63.0
- OS Version: Windows 10 21H2 (OS build 19044.1526)
1. Create a new JavaScript file.
2. Write the code below:
```js
/** @type {object} */
let obj;
```
3. Check the hover information of this variable which will read: ""let obj: any"".",question,bug
2026-03-07 05:06:57,"[145, 157, 451, 554, 656, 664, 1026, 1092, 1277, 1500, 1558, 1780, 2043, 2340, 2413, 3103, 3171, 3173, 3198, 3267]","Allow to configure vertical scrollbar width for terminal, explorer pane, preview pane","Using VSCode 1.58.2 on Ubuntu 20.04.2, Gnome 3.36.8
With version 1.58 it is possible to set the width of the scrollbar, which is great [Editor scroll bar customization](https://code.visualstudio.com/updates/v1_58#_editor-scroll-bar-customization).
However, the width of the scrollbar is still not configurable in the Explorer pane, the integrated terminal and the Markdown/Asciidoc preview. When the monitor has resolution greater than 1920x1080, it is rather difficult to grad the scrollbar. Especially with GTK3 theme where the mouse pointer is not very accurate close to the edge. Actually, it is almost impossible to grab the scrollbar. Because when the mouse is close to the edge, GTK3 theme thinks that you want to resize the window. So the mouse cursor switches to the resize window function rather than the pointy mouse cursor to allow you to grab the scrollbar.
The issue is similar on the Explorer pane with the vertical scrollbar. Although not absurdly as impossible as with the terminal scrollbar but still quite sensitive to mis-click.
Maybe this is a GTK3 design issue. Nevertheless, the issue seems to only affect VSCode. All other apps whether GTK2 or GTK3 having vertical scrollbar width comparable to that of VSCode works perfectly. I hope this could be fixed in VSCode by:
- Either review the accuracy of mouse pointer detection when close to the right edge. VSCode should not confuse grabbing the scrollbar with resizing the window width.
- OR to configure the width of the vertical scrollbar. To make it simple, one single config setting for these 3 windows enough (explorer, terminal, markdown/asciidoc preview).
![VSCode-explorer-scrollbar-width](https://user-images.githubusercontent.com/72353094/136496427-5126b7df-d567-4dfd-b1df-8f7dc0a350ff.png)",feature,feature
2026-03-07 05:06:57,"[145, 157, 451, 554, 656, 664, 1026, 1092, 1277, 1500, 1558, 1780, 2043, 2340, 2413, 3103, 3171, 3173, 3198, 3267]",enableProposedApi is not respected,"Setting `""enableProposedApi"": true` in `package.json` has no effect (outside of debug), but using `--enable-proposed-api` works.
- VSCode Version: ~1.22.1~ 1.23.0 insiders
- OS Version: Windows 10
1. Create brand-new typescript extension.
2. Add `""enableProposedApi"": true` to `package.json` as described [here](https://code.visualstudio.com/updates/v1_21#_proposed-extension-apis)
3. Use new webview api in `extension.ts`:
```ts
let webview = vscode.window.createWebview('my-id', 'Hello', vscode.ViewColumn.Two, { });
webview.html = ""Hello"";
```
4. ~Hit `F5` to open up extension host.~ In insiders build `""enableProposedApi"": true` in `package.json` truly allows proposed api usage for the debug session.
5. Compile and copy the extension to `%USERPROFILE%\.vscode-insiders\extensions`
6.  Call command `HelloWorld`, you'll see error in the console:
> Extension 'my.extension.id cannot use PROPOSED API (must started out of dev or enabled via --enable-proposed-api)
Running vscode with `--enable-proposed-api=my.extension.id` allows to run the extension.
- Expected:
`""enableProposedApi"": true` in `package.json` should allow running the extension.
I also uploaded the sample project:
https://github.com/OrkhanAlikhanov/vscode-enable-proposed-api-bug",question,bug
2026-03-07 05:06:57,"[145, 157, 451, 554, 656, 664, 1026, 1092, 1277, 1500, 1558, 1780, 2043, 2340, 2413, 3103, 3171, 3173, 3198, 3267]",debug coffeescript?,"- VSCode Version: 1.0.0
- OS Version: ubuntu 14.04
1.  add `""sourceMaps"": true,` to launch.json
2. set a breakpoint in the coffeescript file.
The breakpoint doesn't trigger.  Does debugging coffeescript work if you have the sourcemap in the same directory?  I specify program as: `""program"": ""${workspaceRoot}/app.js""` should it be something else?",question,bug
2026-03-07 05:06:57,"[145, 157, 451, 554, 656, 664, 1026, 1092, 1277, 1500, 1558, 1780, 2043, 2340, 2413, 3103, 3171, 3173, 3198, 3267]",help mi please,"can you guide me step by step please ?
how t run c program in vs code ?
whats the processes that ?",question,bug
2026-03-07 05:06:58,"[145, 157, 451, 554, 656, 664, 1026, 1092, 1277, 1500, 1558, 1780, 2043, 2340, 2413, 3103, 3171, 3173, 3198, 3267]",I messed up,"Hello,
I tried some stuff and messed everything up, I would like to reset everything but when I uninstall then reinstall, it keeps my data so everything is still messed up.  Does anyone know a better/ faster way to do this?
Thank you,
Tim
VS Code version: Code 1.48.0 (db40434f562994116e5b21c24015a2e40b2504e6, 2020-08-13T07:50:42.600Z)
OS version: Windows_NT x64 10.0.18362",question,bug
2026-03-07 05:06:58,"[145, 157, 451, 554, 656, 664, 1026, 1092, 1277, 1500, 1558, 1780, 2043, 2340, 2413, 3103, 3171, 3173, 3198, 3267]",Weird square at bottom right of plot,"## Environment data
-   VS Code version: 1.59.1
-   Jupyter Extension version (available under the Extensions sidebar):v2021.8.1236758218
-   Python Extension version (available under the Extensions sidebar): v2021.9.1191016588
-   OS (Windows | Mac | Linux distro) and version: macOS 11.3.1
-   Python and/or Anaconda version: 3.9.5
-   Type of virtual environment used: venv
-   Jupyter server running: Local
## Expected behaviour
A plot uses an entire rectangular area.
## Actual behaviour
A small square at the bottom right of the plot shows the background color of the notebook.
![image](https://user-images.githubusercontent.com/2845433/132217342-e6c49c78-629a-4315-8ab5-0aa0f2561ad5.png)
Set a dark theme for better visibility.
Other than that, any plot will do it.
## Logs
Won't let me post the issue because the log is too long. Anyway, it's a lot of repetition that AFAICS is not relevant at all.",bug,bug
2026-03-07 05:06:59,"[145, 157, 451, 554, 656, 664, 1026, 1092, 1277, 1500, 1558, 1780, 2043, 2340, 2413, 3103, 3171, 3173, 3198, 3267]",Autocomplete on typing `(` - it should not assume a choice never made,"Assume a TypeScript node/express project and the following code:
```ts
function routeHandler(req: Request, res: Response){
  try {
    res.send('good')
  } catch (err){
    next|   // here | denotes the caret
  }
}

```
Let's note that at this point `next: NextFunction` is missing from the handler signature.
At this point, when typing `next`, the only available autocomplete suggestion is most probably something else, in my case it is `nextTick`.
As long as `next` remains typed - suggesting `nextTick` is perfectly ok.
But the moment user continues to type `(` - `nextTick` should no longer be offered as an autocomplete option, furthermore, it should not be assumed that user has selected it - which is exactly what is happening.
`next(` !== `nextTick()`
The opening parenthesis should be treated as user's closing the text input and dismissing autocomplete if nothing matched.
Current behavior is very confusing and requires post-massaging of the generated code, I believe there should be a preference setting to control this flow.",question,feature
2026-03-07 05:06:59,"[145, 157, 451, 554, 656, 664, 1026, 1092, 1277, 1500, 1558, 1780, 2043, 2340, 2413, 3103, 3171, 3173, 3198, 3267]",Reload syntax when shebang is added,"- VSCode Version: 1.11.2
- OS Version: 10.12.4
1. Open a shell file without extension and shebang
2. Add shebang `#!/usr/bin/env bash`
3. Save file
4. File syntax should be reloaded
This is a feature that is builtin SublimeText and I am used to create files and update the shebang later, however I have to close and re-open the file to see the shebang having an effect.",feature,feature
2026-03-07 05:06:59,"[145, 157, 451, 554, 656, 664, 1026, 1092, 1277, 1500, 1558, 1780, 2043, 2340, 2413, 3103, 3171, 3173, 3198, 3267]","The view function lacks image information, such as image size information.","When making WEB web pages, we need to use image preview, not only to view pictures, but also to look at the information of pictures, such as size. Otherwise, this function seems to be useless, that is, to look at pictures.
VS Code version: Code 1.38.0 (3db7e09f3b61f915d03bbfa58e258d6eee843f35, 2019-09-03T21:49:13.459Z)
OS version: Windows_NT x64 6.1.7601",question,feature
2026-03-07 05:07:00,"[145, 157, 451, 554, 656, 664, 1026, 1092, 1277, 1500, 1558, 1780, 2043, 2340, 2413, 3103, 3171, 3173, 3198, 3267]",VSCode with High Contrast mode,"- VSCode Version: 1.4.0
- OS Version: Windows
I would like to know how have you guys implemented High Contrast color theme ? Is it a native support from Electron ?
My app is using the latest version of Electron. However, if i turn on the Windows High contrast mode my app doesn't align well.
I would appreciate if you guide here",question,bug
2026-03-07 05:07:00,"[145, 157, 451, 554, 656, 664, 1026, 1092, 1277, 1500, 1558, 1780, 2043, 2340, 2413, 3103, 3171, 3173, 3198, 3267]",Provide GUI for extensions/themes,"Installing extensions and themes would be easier if there was a GUI to do so. It's currently somewhat hidden in the command palette, especially for users not familiar with similar editors.",feature,feature
2026-03-07 05:07:00,"[145, 157, 451, 554, 656, 664, 1026, 1092, 1277, 1500, 1558, 1780, 2043, 2340, 2413, 3103, 3171, 3173, 3198, 3267]","Why is ""editor.cursorBlinking"":""hidden"" a thing?",An editor with an invisible cursor doesn't seem particularly intuitive.,question,feature
2026-03-07 05:07:01,"[145, 157, 451, 554, 656, 664, 1026, 1092, 1277, 1500, 1558, 1780, 2043, 2340, 2413, 3103, 3171, 3173, 3198, 3267]",How to change all files' default eol to LF in windows?,"I currently have a copy of codes witch previously developed in MacOS. When I'm trying to open these files in my Windows.os vscode, I set `charset = utf-8` in `.editorconfig`, and set `""files.eol"": ""\n""` in `settings.json`,  it still shows CRLF on each file. What more should I do?",question,feature
2026-03-07 05:07:01,"[145, 157, 451, 554, 656, 664, 1026, 1092, 1277, 1500, 1558, 1780, 2043, 2340, 2413, 3103, 3171, 3173, 3198, 3267]",Cannot change display local,"I changed local to ""fr"" into locale.json but after restart vscode, local is always ""en"".
(locale.json is located into %USERPROFILE%\AppData\Roaming\Code\User)
- VSCode Version: 1.30.1
- OS Version: Windows 10:1809
- My vscode is installed on disk d into D:\Microsoft VS Code
1. Change local in other language than en
2. Restart vscode
Does this issue occur when all extensions are disabled?: Yes",feature,bug
2026-03-07 05:07:02,"[145, 157, 451, 554, 656, 664, 1026, 1092, 1277, 1500, 1558, 1780, 2043, 2340, 2413, 3103, 3171, 3173, 3198, 3267]",View file History of file changes (local history),"- VSCode Version: 1.2
- OS Version: W7
When copy file content from one to another, it replaces the whole content, sometimes not intended to do so,  and there is no option to undo that action. The whole work will loose. Especially found when VS code becomes slow and hanging",feature,bug
2026-03-07 05:07:02,"[145, 157, 451, 554, 656, 664, 1026, 1092, 1277, 1500, 1558, 1780, 2043, 2340, 2413, 3103, 3171, 3173, 3198, 3267]","anyone know the code in ""vscode source code"" that implement javascript  intellisense in vscode?","I want to know how vscode implement JavaScript completions Intellisense, anyone can tell me which place I can to see in ""vscode source code""?",question,bug
2026-03-07 05:07:02,"[145, 157, 451, 554, 656, 664, 1026, 1092, 1277, 1500, 1558, 1780, 2043, 2340, 2413, 3103, 3171, 3173, 3198, 3267]",Goto line with relative line numbers renders wrong lines,"- VSCode Version: 1.6.0 - insider
1. enable relative line numbers
2. go to the end of a big file
3. Ctrl+G
4. type 8
Observer: line 8 is revealed, but the line numbers show:
![capture](https://cloud.githubusercontent.com/assets/1931590/18869862/7fbf62d4-84ae-11e6-971e-500b4ff086e6.png)
which is very confusing.",bug,bug
2026-03-07 05:07:03,"[145, 157, 451, 554, 656, 664, 1026, 1092, 1277, 1500, 1558, 1780, 2043, 2340, 2413, 3103, 3171, 3173, 3198, 3267]",Logo above watermark commands animates every time it becomes visible,"If I have one editor open, then close it, the vscode logo does the slide up animation. Is this by design? Maybe, but I thought maybe it's only supposed to happen the first time or something.
![sep-30-2016 18-31-57](https://cloud.githubusercontent.com/assets/323878/19010930/44984972-873e-11e6-899a-fa1272e8040b.gif)",question,bug
2026-03-07 05:07:03,"[145, 157, 451, 554, 656, 664, 1026, 1092, 1277, 1500, 1558, 1780, 2043, 2340, 2413, 3103, 3171, 3173, 3198, 3267]",Shorter prefix to quickly navigate to terminal,"Currently, to quickly open terminal, I have to press:
- Cmd + P
- term
- name of the terminal
What do you think about replacing term with ` (Cmd+` opens the terminal pane)?",question,feature
2026-03-07 05:07:03,"[145, 157, 451, 554, 656, 664, 1026, 1092, 1277, 1500, 1558, 1780, 2043, 2340, 2413, 3103, 3171, 3173, 3198, 3267]","Works on Pycharm, and not on Vscode","VSCode Version and OS Version: LATEST
Details:
Sooo, I have been making a discord bot lately, and I wanted to use vscode for my project. The thing is though when I tried to run the same code on my Vscode (as to Pycharm), and there is going to be an error:
``` python
Traceback (most recent call last):
  File ""file_name"", line 15, in <module>
    client.run(TOKEN)
  File ""file_name"", line 708, in run
    return future.result()
  File ""file_name"", line 687, in runner
    await self.start(*args, **kwargs)
  File ""file_name"", line 650, in start
    await self.login(*args, bot=bot)
  File ""file_name"", line 499, in login
    await self.http.static_login(token.strip(), bot=bot)
AttributeError: 'NoneType' object has no attribute 'strip'
```
I think that this is an error that Vscode definitely should fix ASAP pls :3 THANKS 👍  :DDDDDDDDDDD",question,bug
2026-03-07 05:07:04,"[145, 157, 451, 554, 656, 664, 1026, 1092, 1277, 1500, 1558, 1780, 2043, 2340, 2413, 3103, 3171, 3173, 3198, 3267]",Key bindings not working in embedded syntaxes as expected,"- VSCode Version: 1.11.2
- OS Version: Windows 10
This issue could be connected to [Issue 25154](https://github.com/Microsoft/vscode/issues/25154)
1. Download code from https://github.com/Hugibeer/RhetosDSL
2. Open Rhetos.vscode folder in VSCode and start the extension
3. Open file Samples\SampleTest.rhe and at line 5 run command Toggle line comment. Line 5 is inside double quotes, adn should be treated as SQL, thus line comment should be ""--"", and not ""//""
Is this maybe a configuration issue? Or does VS Code not differ completely where it should use Rhetos like comment (//) from SQL comments (--)?",feature,bug
2026-03-07 05:07:04,"[145, 157, 451, 554, 656, 664, 1026, 1092, 1277, 1500, 1558, 1780, 2043, 2340, 2413, 3103, 3171, 3173, 3198, 3267]",Rollback insiders update,Is it possible to rollback insiders version update?,question,bug
2026-03-07 05:07:04,"[145, 157, 451, 554, 656, 664, 1026, 1092, 1277, 1500, 1558, 1780, 2043, 2340, 2413, 3103, 3171, 3173, 3198, 3267]",VSCore repeatedly ask for ssh key password every 3 min,"- VSCode Version: 1.12.1
- OS Version: Ubuntu 16.04.2 Linux 4.4.0-75-generic x86_64 LXDE
VSCore repeatedly ask for ssh key password every 3 min., even without any activity from my side. I can just open repository cloned using ssh and it will ask for the password every 3 minutes.",question,bug
2026-03-07 05:07:05,"[145, 157, 451, 554, 656, 664, 1026, 1092, 1277, 1500, 1558, 1780, 2043, 2340, 2413, 3103, 3171, 3173, 3198, 3267]",Swiggle lines not shown and Problems pane not working,"I have problem with my editor where i dont see any swiggle lines and my problems pane in integrated terminal is always empty with below message.
![image](https://user-images.githubusercontent.com/50981922/106447146-19897480-64bc-11eb-974d-33cf803095d0.png)
VSCode version 1.52
Below is my settings file.
```
{
    ""python.linting.pylintArgs"": [
        ""--init-hook"",
        ""import sys; sys.path.append('${workspaceFolder}')"",
        ""--disable=C0103"",
        ""--disable=logging-fstring-interpolation"",
        ""--disable=fixme""
    ],
    ""python.testing.pytestArgs"": [
        ""tests"",
    ],
    ""python.testing.unittestEnabled"": false,
    ""python.testing.nosetestsEnabled"": false,
    ""python.testing.pytestEnabled"": true,
    ""python.formatting.provider"": ""black"",
    ""python.linting.pylintEnabled"": true,
    ""python.linting.enabled"": true,  
    ""python.linting.flake8Enabled"": false,    
}
```
I tried uninstalling the editor and reinstalling... it didnt help. How to enable the swiggle lines in editor?",question,bug
2026-03-07 05:07:05,"[145, 157, 451, 554, 656, 664, 1026, 1092, 1277, 1500, 1558, 1780, 2043, 2340, 2413, 3103, 3171, 3173, 3198, 3267]",that it wont run,"on the terminal it wont elt me run but on the terminal it says this  and are u able to help with that and fixed it for me bc im confused
Issue Type: <b>Performance Issue</b>
it say somthing on the terminal are u able to help me it says this before i put it heres my email tony.willaims1177@gmail.com to fixed now this is what it says
gcc : The term 'gcc' is not recognized as the name of a cmdlet, function, script file, or operable program. Check the spelling of the name, or if a path was included, verify that the path is correct and try
again.
At line:1 char:74
+ ... nyw\OneDrive\Documents\C C++\VS code raylib\"" ; if ($?) { gcc main.c  ...
+ CategoryInfo          : ObjectNotFound: (gcc:String) [], CommandNotFoundException
+ FullyQualifiedErrorId : CommandNotFoundException
VS Code version: Code 1.65.2 (c722ca6c7eed3d7987c0d5c3df5c45f6b15e77d1, 2022-03-10T14:33:55.248Z)
OS version: Windows_NT x64 10.0.19044
Restricted Mode: No
<details>
<summary>System Info</summary>
|Item|Value|
|CPUs|AMD Athlon Silver 3050U with Radeon Graphics    (2 x 2296)|
|GPU Status|2d_canvas: enabled<br>gpu_compositing: enabled<br>multiple_raster_threads: disabled_off<br>oop_rasterization: enabled<br>opengl: enabled_on<br>rasterization: enabled<br>skia_renderer: enabled_on<br>video_decode: enabled<br>vulkan: disabled_off<br>webgl: enabled<br>webgl2: enabled|
|Load (avg)|undefined|
|Memory (System)|3.42GB (0.35GB free)|
|Process Argv|--crash-reporter-id 0c2d4307-4b96-442b-81b4-1bb3292774a0|
|Screen Reader|no|
|VM|0%|
</details><details>
<summary>Process Info</summary>
```
CPU %	Mem MB	   PID	Process
    2	    88	   228	code main
    0	    71	  2136	   extensionHost
    0	    59	  6196	     ""C:\Users\tonyw\AppData\Local\Programs\Microsoft VS Code\Code.exe"" --ms-enable-electron-run-as-node c:\Users\tonyw\.vscode\extensions\streetsidesoftware.code-spell-checker-2.1.9\packages\_server\dist\main.js --node-ipc --clientProcessId=2136
    0	    29	  6728	     ""C:\Users\tonyw\AppData\Local\Programs\Microsoft VS Code\Code.exe"" --ms-enable-electron-run-as-node ""c:\Users\tonyw\AppData\Local\Programs\Microsoft VS Code\resources\app\extensions\json-language-features\server\dist\node\jsonServerMain"" --node-ipc --clientProcessId=2136
    0	    23	 10124	     c:\Users\tonyw\.vscode\extensions\ms-vscode.cpptools-1.9.7\bin\cpptools.exe
    0	    15	  4728	       c:\Users\tonyw\.vscode\extensions\ms-vscode.cpptools-1.9.7/bin/cpptools-srv.exe 10124 {CC97611F-114F-4131-A733-25051CCCB536}
    0	    10	  9168	       console-window-host (Windows internal process)
    0	    86	  2148	   gpu-process
    0	    23	  3404	   utility-network-service
    0	    57	  8380	   shared-process
    0	    32	  1236	     fileWatcher
    0	    54	  4952	     ptyHost
    0	     6	  3104	       console-window-host (Windows internal process)
    0	     5	  3212	       console-window-host (Windows internal process)
    0	    63	  4228	       C:\windows\System32\WindowsPowerShell\v1.0\powershell.exe
    0	     5	  9392	       console-window-host (Windows internal process)
    0	    76	 11988	       C:\windows\System32\WindowsPowerShell\v1.0\powershell.exe
    0	     6	 12244	       console-window-host (Windows internal process)
    0	    62	 13376	       C:\windows\System32\WindowsPowerShell\v1.0\powershell.exe
    0	    63	 14284	       C:\windows\System32\WindowsPowerShell\v1.0\powershell.exe
    0	   135	  8428	   window (main.c - VS code raylib - Visual Studio Code)
    0	    14	 10944	   crashpad-handler
    2	    50	 13740	   issue-reporter
```
</details>
<details>
<summary>Workspace Info</summary>
```
|  Window (main.c - VS code raylib - Visual Studio Code)
|    Folder (VS code raylib): 9 files
|      File types: json(4) c(1) code-workspace(1) Android(1)
|      Conf files: launch.json(1) settings.json(1) tasks.json(1) makefile(1)
|      Launch Configs: cppdbg(4);
```
</details>
<details><summary>Extensions (18)</summary>
Extension|Author (truncated)|Version
code-gnu-global|aus|0.2.2
ue4-snippets|CAP|2.0.1
doxdocgen|csc|1.4.0
code-runner|for|0.11.7
c-cpp-runner|fra|3.2.4
better-cpp-syntax|jef|1.15.13
remote-containers|ms-|0.224.3
remote-ssh|ms-|0.76.1
remote-ssh-edit|ms-|0.76.1
remote-wsl|ms-|0.64.2
cmake-tools|ms-|1.10.5
cpptools|ms-|1.9.7
cpptools-extension-pack|ms-|1.1.0
code-spell-checker|str|2.1.9
lua|sum|2.6.7
cmake|twx|0.0.17
c-cpp-flag-debugging|uts|0.0.1
vscode-lldb|vad|1.7.0
(1 theme extensions excluded)
</details><details>
<summary>A/B Experiments</summary>
```
vsliv368:30146709
vsreu685:30147344
python383:30185418
vspor879:30202332
vspor708:30202333
vspor363:30204092
vstes627:30244334
pythonvspyl392:30443607
pythontb:30283811
pythonptprofiler:30281270
vshan820:30294714
vstes263cf:30335440
vscorecescf:30445987
pythondataviewer:30285071
vscod805:30301674
pythonvspyt200:30340761
binariesv615:30325510
bridge0708:30335490
bridge0723:30353136
vsaa593:30376534
vsc1dst:30438360
pythonvs932:30410667
wslgetstarted:30449410
vsclayoutctrt:30451275
dsvsc009:30452663
pythonvsnew555:30457759
vscscmwlcmc:30438804
vscgsvidc:30447482
pynewfile477:30450038

```
</details>",question,bug
2026-03-07 05:07:05,"[145, 157, 451, 554, 656, 664, 1026, 1092, 1277, 1500, 1558, 1780, 2043, 2340, 2413, 3103, 3171, 3173, 3198, 3267]",port access denied,"the build of my marlin firmware goes well,  when I try to upload,  I get an access denied to com port 3 and the upload quits
VS Code version: Code 1.58.2 (c3f126316369cd610563c75b1b1725e0679adfb3, 2021-07-14T22:10:15.214Z)
OS version: Windows_NT x64 10.0.19041
Restricted Mode: No
<details>
<summary>System Info</summary>
|Item|Value|
|CPUs|AMD A8-6410 APU with AMD Radeon R5 Graphics     (4 x 1996)|
|GPU Status|2d_canvas: unavailable_software<br>gpu_compositing: disabled_software<br>multiple_raster_threads: enabled_on<br>oop_rasterization: disabled_off<br>opengl: disabled_off<br>rasterization: disabled_software<br>skia_renderer: enabled_on<br>video_decode: disabled_software<br>vulkan: disabled_off<br>webgl: unavailable_software<br>webgl2: unavailable_software|
|Load (avg)|undefined|
|Memory (System)|14.94GB (9.54GB free)|
|Process Argv|--crash-reporter-id 572a3e49-d467-4e9e-99b3-9c981717c12b|
|Screen Reader|no|
|VM|0%|
</details><details><summary>Extensions (17)</summary>
Extension|Author (truncated)|Version
code-gnu-global|aus|0.2.2
doxdocgen|csc|1.3.2
vscode-pull-request-github|Git|0.28.0
better-cpp-syntax|jef|1.15.6
vscode-github|Kni|0.30.6
auto-build|mar|2.1.34
remote-containers|ms-|0.187.1
remote-ssh|ms-|0.65.7
remote-ssh-edit|ms-|0.65.7
remote-wsl|ms-|0.58.2
cmake-tools|ms-|1.7.3
cpptools|ms-|1.5.1
cpptools-extension-pack|ms-|1.0.0
vsliveshare|ms-|1.0.4583
vsliveshare-audio|ms-|0.1.91
platformio-ide|pla|2.3.2
cmake|twx|0.0.17
(1 theme extensions excluded)
</details><details>
<summary>A/B Experiments</summary>
```
vsliv368cf:30146710
vsreu685:30147344
python383cf:30185419
pythonvspyt678:30270856
pythonvspyt602:30300191
vspor879:30202332
vspor708:30202333
vspor363:30204092
pythonvspyt639:30300192
pythontb:30283811
pythonvspyt551cf:30311713
vspre833:30321513
pythonptprofiler:30281270
vshan820:30294714
vstes263cf:30335440
pythondataviewer:30285071
vscus158:30321503
pythonvsuse255:30340121
vscod805:30301674
pythonvspyt200:30340761
vscextlangct:30333562
binariesv615:30325510
pythonvssor306cf:30341832
bridge0708:30335490

```
</details>",question,bug
2026-03-07 05:07:06,"[145, 157, 451, 554, 656, 664, 1026, 1092, 1277, 1500, 1558, 1780, 2043, 2340, 2413, 3103, 3171, 3173, 3198, 3267]",DnD text: make the right mouse button press cancel the dragging,"- VSCode Version: 1.11.0-insider
- OS Version: Win10x64
Right now after dragging a text sample every mouse button confirms the operation (both move and copy text). Normally, in most editors the right mouse button cancels the dragging, while others (the middle one f.e.) just doesn't do anything. Please make the dragging conformation exclusive to the left mouse button and canceling - to the right one.
Thank you.",feature,feature
2026-03-07 05:07:06,"[145, 157, 451, 554, 656, 664, 1026, 1092, 1277, 1500, 1558, 1780, 2043, 2340, 2413, 3103, 3171, 3173, 3198, 3267]",File fast find in file explorer,"It would be useful to have a fast find feature in the files explorer. For example node_modules can be a very long list of files to scroll through
The usual key sequence triggered search would be just fine. Eg as In windows explorer",feature,feature
2026-03-07 05:07:06,"[145, 157, 451, 554, 656, 664, 1026, 1092, 1277, 1500, 1558, 1780, 2043, 2340, 2413, 3103, 3171, 3173, 3198, 3267]","What is ""Enter command number:""?","When I debug python code with vsc, sometimes I got the tip ""Enter command number:"" in Terminal windows. I don't know how this appeared and I could not close it, and also could not debug my code anymore. I have to restart my vsc to make it disappear.
![image](https://user-images.githubusercontent.com/338547/63010472-08f4d100-beb9-11e9-9520-de20911cb67b.png)
My question:
How does it come and how to close that?",question,bug
2026-03-07 05:07:07,"[145, 157, 451, 554, 656, 664, 1026, 1092, 1277, 1500, 1558, 1780, 2043, 2340, 2413, 3103, 3171, 3173, 3198, 3267]","Since latest update, each time debugging, annoying popup","I don't use GitHub with VSCode.
Since the latest update, each time I click the ""Open browser devtools"" button while debugging a site, I get the following popup dialog and have to click ""Cancel"".
""The extension 'Local Tunnel Port Forwarding' wants to sign in using GitHub.""
I've searched for the extension and am not finding it.
VS Code version: Code 1.82.1 (6509174151d557a81c9d0b5f8a5a1e9274db5585, 2023-09-08T08:45:05.575Z)
OS version: Windows_NT x64 10.0.22621
Modes:
<details>
<summary>System Info</summary>
|Item|Value|
|CPUs|12th Gen Intel(R) Core(TM) i9-12900K (24 x 3187)|
|GPU Status|2d_canvas: enabled<br>canvas_oop_rasterization: enabled_on<br>direct_rendering_display_compositor: disabled_off_ok<br>gpu_compositing: enabled<br>multiple_raster_threads: enabled_on<br>opengl: enabled_on<br>rasterization: enabled<br>raw_draw: disabled_off_ok<br>video_decode: enabled<br>video_encode: enabled<br>vulkan: disabled_off<br>webgl: enabled<br>webgl2: enabled<br>webgpu: enabled|
|Load (avg)|undefined|
|Memory (System)|63.70GB (51.20GB free)|
|Process Argv||
|Screen Reader|no|
|VM|50%|
</details><details><summary>Extensions (17)</summary>
Extension|Author (truncated)|Version
vscode-intelephense-client|bme|1.9.5
vscode-eslint|dba|2.4.2
prettier-vscode|esb|10.1.0
vscode-browser-sync|jas|1.3.1
classic-asp-html|jtj|0.1.3
al-object-designer|mar|0.2.4
better-folding|Moh|0.5.1
vscode-docker|ms-|1.26.0
al|ms-|11.7.863928
vscode-edge-devtools|ms-|2.1.3
isort|ms-|2023.10.1
python|ms-|2023.16.0
vscode-pylance|ms-|2023.9.10
vscode-icons|vsc|12.5.0
php-debug|xde|1.33.0
php-pack|xde|1.0.3
php-intellisense|zob|1.3.2
</details>
![Screenshot 2023-09-14 054336](https://github.com/microsoft/vscode/assets/8278361/68531545-5a1b-46ab-b739-bf1417b11bab)",bug,bug
2026-03-07 05:07:07,"[145, 157, 451, 554, 656, 664, 1026, 1092, 1277, 1500, 1558, 1780, 2043, 2340, 2413, 3103, 3171, 3173, 3198, 3267]","Shoudn't the shortcut for ""Toggle Developer Tools"" be set to ""editorFocus"" for ""when"" parameter?","I was frustrated I could never open the Developer Tools with the default shortcut `Ctrl + Shift + I`.
After going through all extensions, I realized it was set to only work when Developer Tools is open: `""when"": ""isDevelopment""`.
Shouldn't this also be set to **""editorFocus""** and maybe even more, so its actually a toggle?  Here's how I edited my keybindings.json for others with this issue (Also added them to **""reloadWindow,""** so you didn't have to be in Developer mode):
```
{
    ""key"": ""ctrl+shift+i"",
    ""command"": ""workbench.action.toggleDevTools"",
    ""when"": ""isDevelopment || editorFocus || terminalFocus""
},

{
    ""key"": ""ctrl+alt+r"",
    ""command"": ""workbench.action.reloadWindow"",
    ""when"": ""isDevelopment || editorFocus || terminalFocus""
},
```",question,feature
2026-03-07 05:07:07,"[145, 157, 451, 554, 656, 664, 1026, 1092, 1277, 1500, 1558, 1780, 2043, 2340, 2413, 3103, 3171, 3173, 3198, 3267]",Creating a comment doc block,"Is there anything that will allow for shorthand creation of documentation?
So for example, in C# if I type:
`///` and press <kbd>Enter</kbd>
It would create a doc comment block
```
/// <summary>
///     Summary of my item
/// </summary>
```
It would add things such as:
- Summary
- Parameters
- Return
- Etc.",feature,feature
2026-03-07 05:07:07,"[145, 157, 451, 554, 656, 664, 1026, 1092, 1277, 1500, 1558, 1780, 2043, 2340, 2413, 3103, 3171, 3173, 3198, 3267]",Add Zen mode without going to full screen,"Currently when you use zen mode in VS Code, the app goes into full screen.
However I wish I can still use the same cut down minimised interface zen mode but without going to full screen.
Thank you.",question,feature
2026-03-07 05:07:08,"[145, 157, 451, 554, 656, 664, 1026, 1092, 1277, 1500, 1558, 1780, 2043, 2340, 2413, 3103, 3171, 3173, 3198, 3267]","Add ""File > Exit"" keyboard shortcut?","Often in my daily work I have many projects open in different instances of VSCode.
And I often find myself quitting using mouse and ""File > Exit"" to get all the windows back as soon as I reopen it tomorrow.
I can't find a way to add a keyboard shortcut for ""File > Exit"". It's possible?
If not possible today can you add this feature?
Thank you.",question,feature
2026-03-07 05:07:08,"[145, 157, 451, 554, 656, 664, 1026, 1092, 1277, 1500, 1558, 1780, 2043, 2340, 2413, 3103, 3171, 3173, 3198, 3267]",User settings are not overriding on mac,"- VSCode Version: 1.1.1
- OS Version: Mac OS X
1. Added following setting for indent with 2 spaces
""editor.insertSpaces"": true,
""editor.tabSize"": 2
2. Editor still formatting with 4 spaces.",question,bug
2026-03-07 05:07:09,"[145, 157, 451, 554, 656, 664, 1026, 1092, 1277, 1500, 1558, 1780, 2043, 2340, 2413, 3103, 3171, 3173, 3198, 3267]",Files opened with untitled scheme are closed on save.,"- VSCode Version: 1.11.2
- OS Version: macOS Sierra 10.12.4
1. Create extension to open from an untitled-scheme URI, show new document, save document. Something like this:
```typescript
'use strict';
import * as vscode from 'vscode';
import * as path from 'path';

export function activate(context: vscode.ExtensionContext) {

    let disposable = vscode.commands.registerCommand('extension.execTest', () => {
        let untitledURI = vscode.Uri.file(path.join(vscode.workspace.rootPath,'testUntitled.txt')).with({scheme:'untitled'});
        vscode.workspace.openTextDocument(untitledURI).then(doc => {
            vscode.window.showTextDocument(doc).then(editor => {
                editor.document.save().then(success => {
                    console.log(editor.document.uri.toJSON());
                    console.log(`isClosed: ${editor.document.isClosed}`);    
                });
            });
        });
    });

    context.subscriptions.push(disposable);
}

export function deactivate() {
}
```
2. Run the extension.
Observed behavior:
New file is created and briefly shown in an active editor, but then immediately closes. Document URI still has `untitled` scheme, and is closed after saving (I'm guessing this is the issue).
Console output:
```json
{
    ""fsPath"":""/Volumes/Pocket/Test/testUntitled.txt"",
    ""external"":""untitled:/Volumes/Pocket/Test/testUntitled.txt"",
    ""$mid"":1,
    ""path"":""/Volumes/Pocket/Test/testUntitled.txt"",
    ""scheme"":""untitled""
}
isClosed: true
```
Expected bahavior:
File stays open in the active editor upon saving and document URI scheme changes from `untitled` to `file`.
In my actual use case, I am creating a new document, adding content, and opening it for editing by the user. Currently, this requires opening the new `untitled` document, showing it in an editor (to get access to `TextEditor.edit()`), making my changes with `TextEdit.replace()`, saving the document, then opening the newly-saved file with the `file` scheme, and finally showing it in an editor. I'm not sure how much of a change this is, but it seems this could be simpler if the same document instance could be maintained through the changes and could remain open in the active editor. An option could be provided on the `TextDocument.save()` method to optionally provide this behavior.",question,bug
2026-03-07 05:07:09,"[145, 157, 451, 554, 656, 664, 1026, 1092, 1277, 1500, 1558, 1780, 2043, 2340, 2413, 3103, 3171, 3173, 3198, 3267]",[Tree Explorer API] vscode.window.registerTreeExplorerNodeProvider is not a function,"- VSCode Version: 1.13.0-insider
- OS Version: Windows 10
1. `git clone https://github.com/Microsoft/vscode-extension-samples.git`
2. cd to `tree-explorer-sample` folder, and open in VS Code Insider
3. `npm install`
4. `F5` to start debugging
![image](https://cloud.githubusercontent.com/assets/1050213/26154033/7a3090e2-3b40-11e7-845a-0d209be47d17.png)",question,bug
2026-03-07 05:07:09,"[145, 157, 451, 554, 656, 664, 1026, 1092, 1277, 1500, 1558, 1780, 2043, 2340, 2413, 3103, 3171, 3173, 3198, 3267]",Empty extension - ghost logging,"This is strange to me. I created an [extension](https://github.com/waderyan/vscode-babelrc) for adding json validation to babelrc files. I removed everything that was unnecessary including any .js file.
When I debug my extension, the default console.log seems to run.
![image](https://cloud.githubusercontent.com/assets/2449568/13434112/03e1941c-dfd5-11e5-8663-ae685302ca77.png)
See the log ""Spell and Grammar checker active..."". This is the same log from [spell and grammar check extension](https://github.com/Microsoft/vscode-spell-check/blob/master/extension.ts).
I don't know if this is causing problems... but its strange behavior to me. Why is this happening?",question,bug
2026-03-07 05:07:10,"[145, 157, 451, 554, 656, 664, 1026, 1092, 1277, 1500, 1558, 1780, 2043, 2340, 2413, 3103, 3171, 3173, 3198, 3267]",Toggle sidebar view shortcut,"Can CTL+SHIFT+E shortcut toggle the file explorer view?
VS Code version: Code 1.36.0 (0f3794b38477eea13fb47fbe15a42798e6129338, 2019-07-03T13:25:46.372Z)
OS version: Windows_NT x64 6.1.7601",question,feature
2026-03-07 05:07:11,"[145, 157, 451, 554, 656, 664, 1026, 1092, 1277, 1500, 1558, 1780, 2043, 2340, 2413, 3103, 3171, 3173, 3198, 3267]",OOM errors with CSV,"1. Previously able to view large CSV files - there were a few warnings/caveats to this that popped up in notifications, but overall large CSVs were loading fine, seemingly as partial files
(I could not tell you what these notifications said, unfortunately)
2. Upon trying to manipulate a CSV I decided to try loading the whole file, clicking on one of these notifications, VSCode allowed me to load the whole file, instead of the partial file
(Again, I wish I'd taken a not of these notifications)
3. Upon restart, large CSVs are now giving me OOM errors, and I do not know the setting I changed to revert back to the original way it was set-up, with CSVs loading partially
Question is/are:
1. I can't find reference to this setting which handles CSV files in VSCode - Does anyone know what it is, so I can change it back?
2. Does VSCode provide notification history, so I can trace this back and see what setting I changed by clicking on the notification
VS Code version: Code 1.34.0 (a622c65b2c713c890fcf4fbf07cf34049d5fe758, 2019-05-15T21:59:22.738Z)
OS version: Darwin x64 18.6.0
<details>
<summary>System Info</summary>
|Item|Value|
|CPUs|Intel(R) Core(TM) i7-8750H CPU @ 2.20GHz (12 x 2200)|
|GPU Status|2d_canvas: enabled<br>checker_imaging: disabled_off<br>flash_3d: enabled<br>flash_stage3d: enabled<br>flash_stage3d_baseline: enabled<br>gpu_compositing: enabled<br>multiple_raster_threads: enabled_on<br>native_gpu_memory_buffers: enabled<br>rasterization: enabled<br>surface_synchronization: enabled_on<br>video_decode: enabled<br>webgl: enabled<br>webgl2: enabled|
|Load (avg)|3, 2, 2|
|Memory (System)|16.00GB (8.00GB free)|
|Process Argv||
|Screen Reader|no|
|VM|0%|
</details><details><summary>Extensions (40)</summary>
Extension|Author (truncated)|Version
project-manager|ale|10.5.1
vscode-multi-line-tricks|big|0.0.3
htmltagwrap|bra|0.0.7
better-toml|bun|0.3.2
npm-intellisense|chr|1.3.0
bracket-pair-colorizer|Coe|1.0.61
vscode-quick-select|dba|0.2.8
find-related|eam|0.8.0
EditorConfig|Edi|0.13.0
vscode-npm-script|eg2|0.3.7
vsc-material-theme|Equ|2.8.2
prettier-vscode|esb|1.9.0
html-to-javascript-string|evi|0.0.6
file-icons|fil|1.0.17
auto-close-tag|for|0.5.6
vscode-atom-javascript-snippet|glu|0.2.1
beautify|Hoo|1.5.0
webpack|jer|2.1.3
docthis|joe|0.7.1
json2csv|kha|0.0.1
duplicateselection|kka|1.0.1
expand-region|let|0.1.2
rainbow-csv|mec|1.0.0
ecdc|mit|1.0.5
python|ms-|2019.4.12954
material-icon-theme|PKi|3.7.0
bash-debug|rog|0.3.4
text-marker|ryu|1.11.0
bash-beautify|sha|0.1.1
code-settings-sync|Sha|3.2.9
vscode-table-formatter|shu|1.2.1
vscode-fileutils|sle|2.13.7
open-in-browser|tec|2.0.0
vscode-icons|vsc|8.6.0
joinlines|web|1.1.1
vscode-js-console-utils|wht|0.7.0
glean|wix|4.11.0
change-case|wma|1.0.0
JavaScriptSnippets|xab|1.7.2
markdown-all-in-one|yzh|2.3.1
(2 theme extensions excluded)
</details>",question,bug
2026-03-07 05:07:13,"[145, 157, 451, 554, 656, 664, 1026, 1092, 1277, 1500, 1558, 1780, 2043, 2340, 2413, 3103, 3171, 3173, 3198, 3267]",bash: ./ : Is a directory,"Hello i am new to cs50 and i am trying to run just a simple program and every time i got this msg and i dont know whats the problem and how to fix it and i wish if someone can help me.
#include <stdio.h>
#include <cs50.h>
int main(void)
printf(""hello"");
Version: 1.69.2
Commit: 3b889b090b5ad5793f524b5d1d39fda662b96a2a
User Agent: Mozilla/5.0 (Windows NT 10.0; Win64; x64) AppleWebKit/537.36 (KHTML, like Gecko) Chrome/103.0.0.0 Safari/537.36
Embedder: codespaces",question,bug
2026-03-07 05:07:13,"[145, 157, 451, 554, 656, 664, 1026, 1092, 1277, 1500, 1558, 1780, 2043, 2340, 2413, 3103, 3171, 3173, 3198, 3267]","Show hidden characters like: space, tab, end of line, carriage return","- VSCode Version:1.8
- OS Version: Windows 10, Linux, Mac
Hello VSCode Team,
Please create a new feature in view optin to show hidden characters like: space, tab, end of line(LF), carriage return (CR).
This basic option is available in Atom and Notepad++ which makes a script editor powerful.
Right now this option is not available in vscode 1.8.
Regards,
Gabor",question,feature
2026-03-07 05:07:13,"[145, 157, 451, 554, 656, 664, 1026, 1092, 1277, 1500, 1558, 1780, 2043, 2340, 2413, 3103, 3171, 3173, 3198, 3267]",Arquivos que fecham ao abrir outros,"PT-BR
Às vezes eu quero abrir mais de um arquivo no editor mas ao clicar no segundo arquivo se eu não tiver efetuado alguma alteração no primeiro este fecha e o segundo abre no lugar, por favor desativem essa função, eu quero deixar aberto mais de um arquivo no editor e não que ao clicar em um o outro feche
EN (Translated by google translator)
Sometimes I want to open more than one file in the editor but when I click on the second file if I have not made a change in the first this close and the second opens in place, please disable this function, I want to leave more than one file open in the editor and not that by clicking on the other close
VS Code version: Code 1.23.0 (7c7da59c2333a1306c41e6e7b68d7f0caa7b3d45, 2018-05-03T16:44:55.614Z)
OS version: Windows_NT x64 10.0.16299",question,feature
2026-03-07 05:07:14,"[145, 157, 451, 554, 656, 664, 1026, 1092, 1277, 1500, 1558, 1780, 2043, 2340, 2413, 3103, 3171, 3173, 3198, 3267]",Integrated terminal is not executing pdftk command,"As tittle says integrated terminal of visual code not recognizes pdftk command, it's already on the path. I can check pdftk --version on bash or cmd directly on windows but not in the terminal of vs code or even when i'm debugging. Pdftk is installed on windows as server and is used to merge pdfs and is on windows path
Actually I have read similar issues, but none of that solutions have worked.
![image](https://user-images.githubusercontent.com/7372992/77488696-f73abb00-6e03-11ea-9863-41ede338dd5e.png)
`""version"": ""0.2.0"",
""configurations"": [
""type"": ""node"",
""request"": ""launch"",
""name"": ""Launch Node"",
""program"": ""${workspaceFolder}\\bin\\www""
![image](https://user-images.githubusercontent.com/7372992/77488675-e12cfa80-6e03-11ea-8de2-ccbfbf816e43.png)",question,bug
2026-03-07 05:07:14,"[145, 157, 451, 554, 656, 664, 1026, 1092, 1277, 1500, 1558, 1780, 2043, 2340, 2413, 3103, 3171, 3173, 3198, 3267]",Hot exit with multiple windows doesn't work,"I don't know if this is a bug or a feature. This was first suggested in https://github.com/microsoft/vscode/issues/17548 but was closed in favour of https://github.com/microsoft/vscode/issues/15467 and then ""fixed"" in https://github.com/microsoft/vscode/pull/18626
But I still get prompts with `onExitAndWindowClose`. Maybe this is WAI, so I'm filing this as a feature request -- I don't want any prompts. I don't want to sift through dozens of scratch files to figure out what I need to keep or not every time I close a window. Just save them somewhere.
IntelliJ has a special slot for them in the project tree called ""Scratches"". Maybe add a new panel in the Explorer accordion called ""Scratches"" that would list them all there. Or maybe two, one for Global and one for Current Workspace. I don't really care where these scratches get saved right now, I just want rid of the prompt and know that they're *somewhere* on disk if I really need them again.
Likewise, I don't want 3 or 4 windows to open every time I run vscode because I had some scratches open when I shut down my computer. Please, can we just tuck them away somewhere?",question,feature
2026-03-07 05:07:14,"[145, 157, 451, 554, 656, 664, 1026, 1092, 1277, 1500, 1558, 1780, 2043, 2340, 2413, 3103, 3171, 3173, 3198, 3267]",please add enable emmet expand abbreviations in customlanguage,"- VSCode Version: 1.0.0
- OS Version: Windows
I love this editor. it's awesome, very fast response, open, edit.
but it's not support emmet expand abbreviations in custom syntax eg .blade, .vue
i try to add ""files.associations"": {""*.blade.php"": ""html""}, emmet work but my extension blade syntax hilighting not working. if it's can work together i think my heart is got by vscode :+1:
if next release has settings about enable emmet expand abbreviations in settings.json or other place.
i think it's wonderful text editor in this world.
Best regard
ps. sorry for my bad english",feature,feature
2026-03-07 05:07:15,"[145, 157, 451, 554, 656, 664, 1026, 1092, 1277, 1500, 1558, 1780, 2043, 2340, 2413, 3103, 3171, 3173, 3198, 3267]",Extra new line at the end of files,"- VSCode Version: 1.41.1
- OS Version: Darwin x64 19.2.0
1. `$ printf ""\n"" >> file`
2. Open empty in vscode
3. Observe that there are two empty lines, not one
4. Double check that file contains one empty line `$ cat file`
Does this issue occur when all extensions are disabled?: Yes",question,bug
2026-03-07 05:07:15,"[145, 157, 451, 554, 656, 664, 1026, 1092, 1277, 1500, 1558, 1780, 2043, 2340, 2413, 3103, 3171, 3173, 3198, 3267]",anyone can give me an sample to call web api in vscode plugin?,"I want to call web api in my vscode plugin ,anyone can provide an sample for me?",question,feature
2026-03-07 05:07:15,"[145, 157, 451, 554, 656, 664, 1026, 1092, 1277, 1500, 1558, 1780, 2043, 2340, 2413, 3103, 3171, 3173, 3198, 3267]","print(""hello"") ^ SyntaxError: invalid syntax","Hello, I am getting this error - print(""hello"") ^ SyntaxError: invalid syntax
here is the code that causes it -
Cups_need = int(2)
Water = int(500)
Milk = int(170)
Beans = int(100)
R_water = Water * Cups_need
R_milk = Milk * Cups_need
R_beans = Beans * Cups_need
minimum = [int(Water / 200), int(Milk / 50), int(Beans / 15)]
a = (int(min(minimum) >= (Cups_need))
print(""hello"")
if I delete every thing but - print(""hello"") - it works and prints fine.
I have no idea why its doing this
VS Code version: Code 1.45.1 (5763d909d5f12fe19f215cbfdd29a91c0fa9208a, 2020-05-14T08:27:35.169Z)
OS version: Windows_NT x64 10.0.18363
<details>
<summary>System Info</summary>
|Item|Value|
|CPUs|Intel(R) Core(TM) i7-7500U CPU @ 2.70GHz (4 x 2904)|
|GPU Status|2d_canvas: enabled<br>flash_3d: enabled<br>flash_stage3d: enabled<br>flash_stage3d_baseline: enabled<br>gpu_compositing: enabled<br>multiple_raster_threads: enabled_on<br>oop_rasterization: disabled_off<br>protected_video_decode: enabled<br>rasterization: enabled<br>skia_renderer: disabled_off_ok<br>video_decode: enabled<br>viz_display_compositor: enabled_on<br>viz_hit_test_surface_layer: disabled_off_ok<br>webgl: enabled<br>webgl2: enabled|
|Load (avg)|undefined|
|Memory (System)|15.89GB (8.20GB free)|
|Process Argv||
|Screen Reader|no|
|VM|0%|
</details><details><summary>Extensions (9)</summary>
Extension|Author (truncated)|Version
better-comments|aar|2.0.5
bracket-pair-colorizer|Coe|1.0.61
python-preview|don|0.0.4
code-runner|for|0.10.0
gc-excelviewer|Gra|2.1.34
python|ms-|2020.5.78807
indent-rainbow|ode|7.4.0
errorlens|Phi|1.1.3
code-settings-sync|Sha|3.4.3
</details>",question,bug
2026-03-07 05:07:16,"[145, 157, 451, 554, 656, 664, 1026, 1092, 1277, 1500, 1558, 1780, 2043, 2340, 2413, 3103, 3171, 3173, 3198, 3267]",Indendation for Python is incorrect,"- VSCode Version: Version 1.0.0 (1.0.0)
- OS Version: Mac Yosemite
1. Wrote a Python script with multiple static methods. When I try to run python, it couldn't detect all of the methods. Attached are the screenshots of Emacs and VSCode editors of the same script. VSCode has the incorrect indentations.
![screen shot 2016-04-21 at 11 36 35 am](https://cloud.githubusercontent.com/assets/4595924/14699505/f53e30b0-07b5-11e6-95e0-91f8c8c01ca0.png)
![screen shot 2016-04-21 at 11 36 14 am](https://cloud.githubusercontent.com/assets/4595924/14699507/fae15fc4-07b5-11e6-8e36-140076f38094.png)",question,bug
2026-03-07 05:07:16,"[145, 157, 451, 554, 656, 664, 1026, 1092, 1277, 1500, 1558, 1780, 2043, 2340, 2413, 3103, 3171, 3173, 3198, 3267]",Custom menubar does not reappear after zen mode,"1. set 1""window.titleBarStyle"": ""custom""` added in #39972
2. Enable Zen mode
3. Disable Zen mode
4. Notice the menubar (Containing File, Edit, etc) is missing
VS Code version: Code - Insiders 1.25.0-insider (e585e4bf008a50e5b1f4fde71cf6d255e25381bf, 2018-06-20T08:08:46.972Z)
OS version: Windows_NT x64 10.0.17134
<details>
<summary>System Info</summary>
|Item|Value|
|CPUs|Intel(R) Core(TM) i7-4770S CPU @ 3.10GHz (8 x 3098)|
|GPU Status|2d_canvas: enabled<br>checker_imaging: disabled_off<br>flash_3d: enabled<br>flash_stage3d: enabled<br>flash_stage3d_baseline: enabled<br>gpu_compositing: enabled<br>multiple_raster_threads: enabled_on<br>native_gpu_memory_buffers: disabled_software<br>rasterization: enabled<br>video_decode: enabled<br>video_encode: enabled<br>webgl: enabled<br>webgl2: enabled|
|Memory (System)|7.94GB (3.76GB free)|
|Process Argv|C:\Program Files\Microsoft VS Code Insiders\Code - Insiders.exe|
|Screen Reader|no|
|VM|0%|
</details><details><summary>Extensions (23)</summary>
Extension|Author (truncated)|Version
project-manager|ale|0.25.2
vscode-custom-css|be5|2.7.1
vscode-icontheme-nomo-dark|be5|1.3.5
path-intellisense|chr|1.4.2
vscode-eslint|dba|1.4.12
githistory|don|0.4.1
gitlens|eam|8.4.1
tslint|eg2|1.0.32
vscode-great-icons|emm|2.1.35
vsc-material-theme|Equ|2.1.0
file-icons|fil|1.0.12
auto-close-tag|for|0.5.6
todo-tree|Gru|0.0.63
beautify|Hoo|1.3.2
discord-vscode|icr|2.6.0
vscode-simple-icons|Lau|1.8.3
python|ms-|2018.5.0
vsliveshare|ms-|0.3.317
debugger-for-chrome|msj|4.6.0
material-icon-theme|PKi|3.5.0
seti-icons|qin|0.1.3
vscode-icons|rob|7.23.0
pdf|tom|0.3.0
(5 theme extensions excluded)
</details>",bug,bug
2026-03-07 05:07:17,"[145, 157, 451, 554, 656, 664, 1026, 1092, 1277, 1500, 1558, 1780, 2043, 2340, 2413, 3103, 3171, 3173, 3198, 3267]",Youtube Integration with VS Code,"While learning lot of JavaScript libraries or frameworks, I use YouTube  coding tutorials. But opening YouTube in browser and working with tutorial in VS code is difficult. If VS code can have integrated youtube same as integrated terminal, it will be great help.",feature,feature
2026-03-07 05:07:17,"[145, 157, 451, 554, 656, 664, 1026, 1092, 1277, 1500, 1558, 1780, 2043, 2340, 2413, 3103, 3171, 3173, 3198, 3267]","Get all problems (errors, warnings, etc.) using VSCode extensions API - 2","I am sorry, I am basically duplicating this issue: https://github.com/Microsoft/vscode/issues/30075 because I didn't understand, what is the outcome of that issue?
How can I get all problems in the workspace? I couldn't find anything related in the proposed api: https://raw.githubusercontent.com/microsoft/vscode/master/src/vs/vscode.proposed.d.ts (is the link correct?).",question,bug
2026-03-07 05:07:17,"[145, 157, 451, 554, 656, 664, 1026, 1092, 1277, 1500, 1558, 1780, 2043, 2340, 2413, 3103, 3171, 3173, 3198, 3267]",CentOS: Code Alpha doesn't show up in the Application Installer after installation,"- VSCode Version: 0.10.12-alpha
- OS Version: CentOS6
1. Install rpm package using Application Installer
2. Switched to the installed tab
Observe: vscode is not listed. However it is installed successfully.",bug,bug
2026-03-07 05:07:18,"[145, 157, 451, 554, 656, 664, 1026, 1092, 1277, 1500, 1558, 1780, 2043, 2340, 2413, 3103, 3171, 3173, 3198, 3267]",Open whole files in a folder as a group,"Tried to find anything related to this but couldn't find anywhere.
So is there any feature like this where user can open all files inside a folder as a group at once.",question,feature
2026-03-07 05:07:18,"[145, 157, 451, 554, 656, 664, 1026, 1092, 1277, 1500, 1558, 1780, 2043, 2340, 2413, 3103, 3171, 3173, 3198, 3267]","Explicit keyboard binding when clause context for ""Terminal in editor area""","Is there an explicit keyboard binding when clause context to assign different key bindings to focused integrated & ""in editor area"" terminals?
If not, I'd really like to see them added. Something like `terminalEditorFocus` in addition to the already existing `terminalFocus`.
# Example use case
I have assigned `Ctrl+F4` to `workbench.action.terminal.kill` when `terminalFocus` and to `workbench.action.closeActiveEditor` as a fallback (when no terminal has focus).
However, the `terminalFocus` when clause is also true when an ""in editor area terminal"" has focus for which the `workbench.action.terminal.kill` doesn't work since a dedicated `workbench.action.terminal.killEditor` exists.
In other words, I'd need the following 3 key bindings:
* `Ctrl+F4` -> `workbench.action.terminal.kill` when `terminalFocus`
* `Ctrl+F4` -> `workbench.action.terminal.killEditor` when `terminalEditorFocus` (not possible due to missing when context)
* `Ctrl+F4` -> `workbench.action.closeActiveEditor` when `-`",question,feature
2026-03-07 05:07:18,"[145, 157, 451, 554, 656, 664, 1026, 1092, 1277, 1500, 1558, 1780, 2043, 2340, 2413, 3103, 3171, 3173, 3198, 3267]",Toggle auto-format on save per-language,"It would be nice there was a way to enable or disable auto-format on save per-language. For example:
```json
{
  ""editor.formatOnSave"": true,
  ""editor.formatOnSave.disableForLanguages"": [""css""]
}
```
or the opposite:
```json
{
  ""editor.formatOnSave"": false,
  ""editor.formatOnSave.enableForLanguages"": [""typescript""]
}
```
My specific use case:
- In general, I want to auto-format on save for languages such as TypeScript that have decent formatters (whose style I agree with)
- For some languages, such as SCSS and CSS, I haven't found a formatter whose style agrees with mine, so I don't want to always auto-format on save in those languages.
- BUT in those same languages, sometimes I'm looking at some code with absolutely no formatting (for example, blob of CSS styles copied from browser debugger), and any formatting style is preferable to the total lack of formatting.
In the last case, I have to enable an extension, format my code, and then re-disable the extension, which is kind of a pain.
(If someone can point me to the right place, I might be interested in implementing this. Also, apologies if this has been requested already--tried to search but may not have used the right terms.)",question,feature
2026-03-07 05:07:19,"[145, 157, 451, 554, 656, 664, 1026, 1092, 1277, 1500, 1558, 1780, 2043, 2340, 2413, 3103, 3171, 3173, 3198, 3267]",[loc][Query][VSCode] Please clarify the string,"Hi, we have a question from our translator. Can you help please? Thanks!
Source:
Search default settings
Search Default Settings
File Name:
src\vs\workbench\parts\preferences\browser\preferencesWidgets.nls.resx
Resource ID:
"".resx"", 0; ""SearchSettingsWidget.AriaLabel""
"".resx"", 0; ""SearchSettingsWidget.Placeholder""
Query:
Is Search a verb here?  	CnE_Developer_Moravia_ITA1@hotmail.com	12/14/2016 11:37:16 AM",question,bug
2026-03-07 05:07:19,"[145, 157, 451, 554, 656, 664, 1026, 1092, 1277, 1500, 1558, 1780, 2043, 2340, 2413, 3103, 3171, 3173, 3198, 3267]",Auto-detect and change vs code language to match system language,"It would be great if vs code automatically detected the language of the system on which it is installed. So that vs Code could start-up for first time set up with a language the user is comfortable with.
Or maybe add a step in setup like ""auto detect language OR keep english as default""",feature,feature
2026-03-07 05:07:20,"[145, 157, 451, 554, 656, 664, 1026, 1092, 1277, 1500, 1558, 1780, 2043, 2340, 2413, 3103, 3171, 3173, 3198, 3267]",about editor layout usage.,"when i split the editor view into two part. and every part has several files.
then i want to close the second part but i don't want to close the files in second part.
wanted: move the files in second part into the first part.
is there some way to act like above.",question,feature
2026-03-07 05:07:20,"[145, 157, 451, 554, 656, 664, 1026, 1092, 1277, 1500, 1558, 1780, 2043, 2340, 2413, 3103, 3171, 3173, 3198, 3267]",修改文件git不自动刷新。,"修改文件后git那里不自动检测是否修改文件并刷新。
VS Code version: Code 1.30.1 (dea8705087adb1b5e5ae1d9123278e178656186a, 2018-12-18T18:12:07.165Z)
OS version: Windows_NT x64 6.1.7601
<details>
<summary>System Info</summary>
|Item|Value|
|CPUs|Intel(R) Core(TM) i3-7100 CPU @ 3.90GHz (4 x 3912)|
|GPU Status|2d_canvas: enabled<br>checker_imaging: disabled_off<br>flash_3d: enabled<br>flash_stage3d: enabled<br>flash_stage3d_baseline: enabled<br>gpu_compositing: enabled<br>multiple_raster_threads: enabled_on<br>native_gpu_memory_buffers: disabled_software<br>rasterization: unavailable_software<br>video_decode: enabled<br>video_encode: enabled<br>webgl: enabled<br>webgl2: enabled|
|Memory (System)|7.89GB (4.47GB free)|
|Process Argv|C:\Users\Administrator\Desktop\第一版本1.0\we7_wmall|
|Screen Reader|no|
|VM|0%|
</details><details><summary>Extensions (5)</summary>
Extension|Author (truncated)|Version
php-debug|fel|1.12.6
typings-autoinstaller|jvi|1.2.0
sftp|lix|1.8.4
vscode-language-pack-zh-hans|MS-|1.30.2
vetur|oct|0.14.3
</details>",question,bug
2026-03-07 05:07:20,"[145, 157, 451, 554, 656, 664, 1026, 1092, 1277, 1500, 1558, 1780, 2043, 2340, 2413, 3103, 3171, 3173, 3198, 3267]",When I use a snippet the suggestions / autocompletes do not work,"- VSCode Version: 1.48.42 (but it happens in all the older versions I have tried)
- OS Version: Any version of Windows, Linux or Mac I have tried
1. log+tab for execute the snippet of console.log from Javascript
2. When I run the snippet, I don't get suggestions for created variables or functions
Does this issue occur when all extensions are disabled?: No",question,bug
2026-03-07 05:07:21,"[145, 157, 451, 554, 656, 664, 1026, 1092, 1277, 1500, 1558, 1780, 2043, 2340, 2413, 3103, 3171, 3173, 3198, 3267]",`satisfies` keyword showing with red underline (and defined as a constant),"I have upgraded to TypeScript 4.9.3 in my monorepo. I have restarted both the TypeScript language server and also tried restarting VSCode. However, the ""satisfies"" keyword is not recognized and is reported as a constant with a value of ""any""
<img width=""482"" alt=""Screen Shot 2022-11-21 at 11 00 07 AM"" src=""https://user-images.githubusercontent.com/414752/203137583-68a07fc3-b6c6-4b96-b759-2522e52bbdea.png"">
VS Code version: Code 1.73.1 (Universal) (6261075646f055b99068d3688932416f2346dd3b, 2022-11-09T02:08:38.961Z)
OS version: Darwin x64 20.6.0
Modes:
Sandboxed: No
<details>
<summary>System Info</summary>
|Item|Value|
|CPUs|Intel(R) Core(TM) i7-9750H CPU @ 2.60GHz (12 x 2600)|
|GPU Status|2d_canvas: enabled<br>canvas_oop_rasterization: disabled_off<br>direct_rendering_display_compositor: disabled_off_ok<br>gpu_compositing: enabled<br>metal: disabled_off<br>multiple_raster_threads: enabled_on<br>opengl: enabled_on<br>rasterization: enabled<br>raw_draw: disabled_off_ok<br>skia_renderer: enabled_on<br>video_decode: enabled<br>video_encode: enabled<br>vulkan: disabled_off<br>webgl: enabled<br>webgl2: enabled<br>webgpu: disabled_off|
|Load (avg)|3, 4, 4|
|Memory (System)|32.00GB (0.80GB free)|
|Process Argv|--crash-reporter-id 8883724e-d858-468c-b49a-cf4014a3b2cf|
|Screen Reader|no|
|VM|0%|
</details><details><summary>Extensions (13)</summary>
Extension|Author (truncated)|Version
vscode-eslint|dba|2.2.6
gitlens|eam|13.1.0
prettier-vscode|esb|9.9.0
vscode-graphql|Gra|0.8.3
vscode-graphql-execution|Gra|0.1.6
vscode-graphql-syntax|Gra|1.0.5
vscode-mjml|mjm|1.0.5
rust|rus|0.7.9
mdx|sil|0.1.1
svelte-vscode|sve|106.2.0
vscode-lldb|vad|1.8.1
pestfile|xor|0.3.0
material-theme|zhu|3.15.6
</details><details>
<summary>A/B Experiments</summary>
```
vsliv368:30146709
vsreu685:30147344
python383cf:30185419
vspor879:30202332
vspor708:30202333
vspor363:30204092
vslsvsres303:30308271
pythonvspyl392:30443607
vserr242:30382549
pythontb:30283811
vsjup518:30340749
pythonptprofiler:30281270
vshan820:30294714
vstes263:30335439
pythondataviewer:30285071
vscod805cf:30301675
binariesv615:30325510
bridge0708:30335490
bridge0723:30353136
cmake_vspar411:30581797
vsaa593cf:30376535
pythonvs932:30410667
cppdebug:30492333
vsclangdf:30486550
c4g48928:30535728
dsvsc012:30540252
azure-dev_surveyone:30548225
vscccc:30610679
pyindex848:30577860
nodejswelcome1cf:30587006
282f8724:30602487
gswce1:30612156
3d0df643:30613357
dbltrim-noruby:30604474
f6dab269:30613381

```
</details>",question,bug
2026-03-07 05:07:21,"[145, 157, 451, 554, 656, 664, 1026, 1092, 1277, 1500, 1558, 1780, 2043, 2340, 2413, 3103, 3171, 3173, 3198, 3267]",Keyboard shortcuts for macOS conflict with macOS system default keyboard shortcuts,"- VS Code Version: latest
- OS Version: macOS Big Sur
<img width=""848"" alt=""Screenshot 2021-04-22 18 57 09"" src=""https://user-images.githubusercontent.com/54669781/115696689-e0b3ba00-a39d-11eb-9e2b-454d7735ed49.png"">
2.`^Space` switches my input method.
Does this issue occur when all extensions are disabled?: Yes",question,bug
